# embryo config info: 
# lWidth 32
# lHeight 32
# lNbStates 1
# lNbChemicals 2
# lDiffuseChemicals 1
# lPathTargetPic name swissflagBW|
# lPath ./
# lbDifferentStatesInitialization 0
# oGuiOuput 0
# 1-th pic to read: swissflagBW
# nb steps max: 1024
 # (50,100)-CMA-ES(mu_eff=27.2), Ver="3.02.01.beta", dimension=115, randomSeed=-903326280 (Sun Jul 18 14:40:26 2010)
# Population size: 100
# generation	best fitness 
 best gen: 0 | best fit: 0.15687 | best index: 99
1	0.15687
 best gen: 1 | best fit: 0.15687 | best index: 99
2	0.15687
 best gen: 2 | best fit: 0.15687 | best index: 99
3	0.15687
 best gen: 3 | best fit: 0.15687 | best index: 99
4	0.15687
 best gen: 4 | best fit: 0.15687 | best index: 99
5	0.15687
 best gen: 5 | best fit: 0.149534 | best index: 53
6	0.149534
7	0.15687
8	0.15687
 best gen: 8 | best fit: 0.134819 | best index: 2
9	0.134819
10	0.142868
 best gen: 10 | best fit: 0.106388 | best index: 5
11	0.106388
12	0.150226
13	0.137827
14	0.149981
15	0.150498
16	0.143547
17	0.143092
18	0.149987
19	0.149524
20	0.150446
21	0.138047
22	0.12325
23	0.149534
24	0.132349
25	0.143531
26	0.14405
27	0.130746
28	0.146494
29	0.149984
30	0.150443
31	0.148764
32	0.135305
33	0.135884
34	0.129718
35	0.12012
36	0.150466
37	0.143087
38	0.149981
39	0.15045
40	0.132608
41	0.149542
42	0.149994
43	0.143125
44	0.149585
45	0.149716
46	0.149987
47	0.142647
48	0.149984
49	0.150461
50	0.14449
51	0.135548
52	0.136942
53	0.149684
54	0.14953
55	0.14724
56	0.130686
57	0.143552
58	0.136661
59	0.133487
60	0.135804
61	0.110934
62	0.136874
63	0.122003
64	0.126823
65	0.131984
66	0.116261
67	0.108164
68	0.116528
69	0.110562
70	0.134515
71	0.11003
72	0.122266
73	0.121197
74	0.106988
75	0.108819
76	0.11931
77	0.118745
78	0.108164
79	0.116735
80	0.10772
81	0.109252
 best gen: 81 | best fit: 0.105866 | best index: 68
82	0.105866
83	0.112202
84	0.114142
 best gen: 84 | best fit: 0.094676 | best index: 75
85	0.094676
86	0.115227
87	0.11092
88	0.113262
89	0.107705
90	0.106324
91	0.103142
92	0.105635
93	0.106324
94	0.107846
95	0.106324
96	0.0971358
 best gen: 96 | best fit: 0.0925352 | best index: 5
97	0.0925352
98	0.105896
99	0.101859
100	0.105869
101	0.103134
102	0.104499
103	0.105545
104	0.103571
105	0.099534
106	0.105412
107	0.0925987
108	0.093914
 best gen: 108 | best fit: 0.0925352 | best index: 88
109	0.0925352
 best gen: 109 | best fit: 0.0925352 | best index: 50
110	0.0925352
 best gen: 110 | best fit: 0.0925352 | best index: 61
111	0.0925352
 best gen: 111 | best fit: 0.0925352 | best index: 33
112	0.0925352
 best gen: 112 | best fit: 0.0920776 | best index: 0
113	0.0920776
114	0.0925352
115	0.0939261
 best gen: 115 | best fit: 0.0916202 | best index: 10
116	0.0916202
 best gen: 116 | best fit: 0.088437 | best index: 0
117	0.088437
 best gen: 117 | best fit: 0.0874341 | best index: 52
118	0.0874341
119	0.0925352
120	0.0884594
121	0.0911629
122	0.0879391
123	0.0925352
124	0.0879532
125	0.0897795
126	0.0925352
127	0.0916278
128	0.0925352
129	0.0925352
130	0.0925352
131	0.0925352
132	0.0920776
133	0.091618
134	0.0879391
135	0.0879431
136	0.0925352
137	0.0925352
138	0.0922427
139	0.0925352
140	0.0925352
141	0.0925352
142	0.091214
143	0.0920756
144	0.0925352
145	0.0920756
146	0.0925352
147	0.0888786
148	0.0897775
149	0.0920756
150	0.0925352
151	0.0925352
152	0.0889905
153	0.0902849
154	0.0920776
155	0.0925352
 best gen: 155 | best fit: 0.0843453 | best index: 47
156	0.0843453
157	0.0897839
158	0.0911605
159	0.0925352
160	0.0920756
161	0.0877843
162	0.0862031
163	0.0916278
 best gen: 163 | best fit: 0.0811531 | best index: 12
164	0.0811531
165	0.0903382
166	0.0870749
167	0.090732
168	0.0848
169	0.0920847
170	0.0911629
171	0.08434
172	0.0880259
173	0.0920798
174	0.0907009
175	0.0870198
 best gen: 175 | best fit: 0.0811197 | best index: 42
176	0.0811197
177	0.091616
178	0.0916202
179	0.0925352
180	0.0870198
181	0.0920756
182	0.0834199
183	0.0870198
184	0.0879431
185	0.0920756
186	0.091618
187	0.0879391
188	0.0870238
189	0.0832564
190	0.0925352
191	0.0925352
192	0.0829598
193	0.0920756
194	0.09166
195	0.0916202
196	0.0920776
197	0.0911605
198	0.0871002
199	0.0898124
200	0.0925352
201	0.0925352
202	0.0925352
203	0.0925352
204	0.0925352
205	0.0920822
206	0.0925352
207	0.0925352
208	0.0925352
209	0.0925352
210	0.0920756
211	0.0925352
212	0.0925352
213	0.0925352
214	0.091625
215	0.0925352
216	0.0925352
217	0.0874814
218	0.0902849
219	0.0903714
220	0.0898943
221	0.0916202
222	0.091618
223	0.0920798
224	0.0920798
225	0.0925352
226	0.0912046
227	0.0920798
228	0.0870845
229	0.0920756
230	0.091618
231	0.0920756
232	0.0920756
233	0.0907032
234	0.0925352
235	0.091076
236	0.0920776
237	0.0871057
238	0.0920756
239	0.0897775
240	0.0920756
241	0.0920756
242	0.0920756
243	0.0871002
244	0.0834199
245	0.0834199
246	0.0871002
247	0.0925352
248	0.0925352
249	0.0895714
250	0.0838799
251	0.0925352
252	0.0898803
253	0.0866401
254	0.0902546
255	0.0834199
256	0.0870198
257	0.0902849
258	0.0870198
259	0.0920756
260	0.0870198
261	0.0874795
262	0.0886768
263	0.0898165
264	0.0920822
265	0.091616
266	0.0920756
267	0.0870198
268	0.0870198
269	0.0870198
 best gen: 269 | best fit: 0.0778353 | best index: 76
270	0.0778353
271	0.091616
272	0.0920756
273	0.091616
274	0.0920756
275	0.0920756
276	0.091616
277	0.0870261
278	0.0870198
279	0.0920756
280	0.0920756
281	0.0920756
282	0.0870198
283	0.091616
284	0.0870198
285	0.090172
286	0.0870198
287	0.0870198
288	0.0851308
289	0.0819722
290	0.0870198
291	0.0870198
292	0.0870198
293	0.0857491
294	0.0909592
295	0.0805713
 best gen: 295 | best fit: 0.0760372 | best index: 17
296	0.0760372
297	0.0865714
298	0.0870198
299	0.0830338
300	0.0816388
301	0.082045
302	0.0866514
303	0.0770289
 best gen: 303 | best fit: 0.0724314 | best index: 28
304	0.0724314
305	0.0743119
306	0.0842705
307	0.0856576
308	0.0792898
309	0.082045
310	0.0806756
311	0.0815797
312	0.0852496
313	0.0820504
314	0.0865688
315	0.0816015
316	0.0792846
317	0.0820504
318	0.0833791
319	0.0852184
320	0.0829193
321	0.0838799
322	0.0820504
323	0.080323
324	0.0806547
325	0.0820206
326	0.0865664
327	0.0865688
328	0.0816133
329	0.0834363
330	0.0833754
331	0.0835482
332	0.0779095
333	0.0838799
334	0.0834307
335	0.0838799
336	0.0848349
337	0.0870198
338	0.0834363
339	0.0839207
340	0.0834307
341	0.0806701
342	0.08021
343	0.082045
344	0.0833791
345	0.0820504
346	0.0829193
347	0.0806756
348	0.0806701
349	0.0820797
350	0.0829193
351	0.0848
352	0.0820504
353	0.0815126
354	0.0811302
355	0.0825338
356	0.0783696
357	0.08021
358	0.0811302
359	0.0834199
360	0.0824595
361	0.0806701
362	0.0820504
363	0.0783696
364	0.08021
365	0.0783749
366	0.0838799
367	0.08021
368	0.0792898
369	0.0811302
370	0.08021
371	0.0779095
372	0.0820504
373	0.0783696
374	0.0820735
375	0.0806701
376	0.0806701
377	0.0802047
378	0.0779095
379	0.08021
380	0.0783696
381	0.0820504
382	0.0774601
383	0.0779202
384	0.0765293
385	0.0752331
386	0.08021
387	0.0792898
388	0.0806701
389	0.0806701
390	0.0806701
391	0.0783645
392	0.0783696
393	0.0792898
394	0.0756361
395	0.0751646
396	0.0751702
397	0.075154
398	0.0779148
399	0.0783696
400	0.0783696
401	0.0779095
402	0.0783696
403	0.0774494
404	0.0783696
405	0.0806756
406	0.0811197
407	0.0783696
408	0.0783696
409	0.0779095
410	0.0783696
411	0.0802326
412	0.0783696
413	0.0779095
414	0.0806701
415	0.0779095
416	0.0783696
417	0.0792898
418	0.0779095
419	0.0779095
420	0.0774547
421	0.0779095
422	0.0765293
423	0.0792898
424	0.0774346
425	0.0774494
426	0.0783696
427	0.0774346
428	0.075154
429	0.0779044
430	0.0751816
431	0.0779095
432	0.0779148
433	0.0779044
434	0.0751702
435	0.0751816
436	0.0779095
437	0.0779095
438	0.0769843
439	0.0756419
440	0.0783546
441	0.0779095
442	0.0747213
443	0.0779095
444	0.0783645
445	0.0779095
446	0.0751875
447	0.0779095
448	0.0774346
 best gen: 448 | best fit: 0.0688327 | best index: 97
449	0.0688327
450	0.0779148
451	0.075154
452	0.0779095
453	0.0779095
454	0.0774494
455	0.0774494
456	0.0751816
457	0.0760692
458	0.0774494
459	0.0779095
460	0.075154
461	0.0774494
462	0.0756603
463	0.0774494
464	0.0733348
465	0.0751593
466	0.0751758
467	0.0751702
468	0.0751593
469	0.075149
470	0.0779095
471	0.0751593
472	0.0779095
473	0.075154
474	0.0751875
475	0.0756091
476	0.0751593
477	0.0751816
478	0.0751816
479	0.0751646
480	0.0751758
481	0.0751875
482	0.075154
483	0.0751816
484	0.0751646
485	0.075154
486	0.0751816
487	0.075154
488	0.0751702
489	0.0751593
490	0.0751816
491	0.0751593
492	0.0751816
493	0.0779095
494	0.0751758
495	0.075154
496	0.075154
497	0.0751816
498	0.075154
499	0.0751593
500	0.0751646
501	0.0774494
502	0.0774494
503	0.0724198
504	0.0751999
505	0.0751758
506	0.0751702
507	0.0751646
508	0.0751758
509	0.075149
510	0.0724198
511	0.075154
512	0.075149
513	0.0774494
514	0.075154
515	0.0751702
516	0.0728801
517	0.0751702
518	0.075154
519	0.075154
520	0.075154
521	0.075154
522	0.0733404
523	0.0751875
524	0.075154
525	0.0751702
526	0.0751816
527	0.075154
528	0.0751816
529	0.072869
530	0.0751646
531	0.075154
532	0.0751646
533	0.0751758
534	0.0756603
535	0.075149
536	0.075154
537	0.0751702
538	0.0751758
539	0.0751593
540	0.075154
541	0.0751593
542	0.075154
543	0.075154
544	0.0779044
545	0.0751646
546	0.075154
547	0.0751875
548	0.0751816
549	0.0751646
550	0.0751593
551	0.0751593
552	0.0760642
553	0.075154
554	0.0774494
555	0.0751702
556	0.0751758
557	0.0751646
558	0.075154
559	0.0751816
560	0.0751816
561	0.0751702
562	0.075154
563	0.0769893
564	0.0751702
565	0.0751646
566	0.0751593
567	0.0751593
568	0.075149
569	0.0751646
570	0.0751702
571	0.0751593
572	0.0751646
573	0.0751593
574	0.075154
575	0.0751593
576	0.075154
577	0.0751593
578	0.0774494
579	0.075154
580	0.075154
581	0.0751702
582	0.075154
583	0.0751593
584	0.075154
585	0.0751593
586	0.075154
587	0.075154
588	0.0751593
589	0.075154
590	0.075154
591	0.075149
592	0.0751593
593	0.075154
594	0.0751646
595	0.075154
596	0.075154
597	0.075154
598	0.075149
599	0.075149
600	0.075154
601	0.0751593
602	0.0751646
603	0.075154
604	0.0751593
605	0.0751593
606	0.075149
607	0.0733348
608	0.075154
609	0.075154
610	0.075154
611	0.075154
612	0.075154
613	0.075154
614	0.075154
615	0.0751646
616	0.0751593
617	0.075154
618	0.0779095
619	0.0751702
620	0.0751646
621	0.0733404
622	0.075154
623	0.0751646
624	0.075154
625	0.0751646
626	0.0751593
627	0.0751593
628	0.075154
629	0.0751593
630	0.0751593
631	0.075154
632	0.075154
633	0.0751816
634	0.075154
635	0.0751593
636	0.075154
637	0.075154
638	0.0760642
639	0.0751702
640	0.0751593
641	0.075154
642	0.075154
643	0.075154
644	0.075154
645	0.0751758
646	0.075154
647	0.075149
648	0.075154
649	0.075154
650	0.075154
651	0.075154
652	0.075149
653	0.075154
654	0.075149
655	0.075154
656	0.0751593
657	0.075154
658	0.075154
659	0.075154
660	0.075154
661	0.075154
662	0.075154
663	0.075154
664	0.075154
665	0.075154
666	0.075149
667	0.075154
668	0.075154
669	0.075154
670	0.0751758
671	0.075154
672	0.0751593
673	0.075154
674	0.075154
675	0.075154
676	0.075154
677	0.075154
678	0.075154
679	0.075154
680	0.075154
681	0.075149
682	0.075149
683	0.075154
684	0.075154
685	0.075154
686	0.075154
687	0.075154
688	0.075154
689	0.075149
690	0.075154
691	0.075154
692	0.075154
693	0.075154
694	0.075154
695	0.075154
696	0.075154
697	0.075154
698	0.075154
699	0.075149
700	0.075149
701	0.075154
702	0.075154
703	0.075154
704	0.075149
705	0.075154
706	0.075154
707	0.075154
708	0.075154
709	0.075154
710	0.075154
711	0.075149
712	0.075154
713	0.075154
714	0.075154
715	0.075154
716	0.075154
717	0.075154
718	0.075149
719	0.075154
720	0.075154
721	0.075154
722	0.075154
723	0.075154
724	0.075149
725	0.075154
726	0.075154
727	0.075149
728	0.075149
729	0.075154
730	0.075154
731	0.075149
732	0.075154
733	0.075154
734	0.075149
735	0.075154
736	0.075154
737	0.075149
738	0.075154
739	0.075154
740	0.075149
741	0.075154
742	0.075154
743	0.075154
744	0.075154
745	0.075154
746	0.075149
747	0.075154
748	0.075149
749	0.075154
750	0.075154
751	0.075154
752	0.075149
753	0.075154
754	0.075154
755	0.075154
756	0.075154
757	0.075154
758	0.075154
759	0.075154
760	0.075149
761	0.075154
762	0.075149
763	0.075154
764	0.075149
765	0.075154
766	0.075154
767	0.075154
768	0.075154
769	0.075154
770	0.075149
771	0.075154
772	0.075154
773	0.075149
774	0.075149
775	0.075154
776	0.075154
777	0.075154
778	0.075149
779	0.075154
780	0.075149
781	0.075149
782	0.075149
783	0.075154
784	0.075149
785	0.075149
786	0.075149
787	0.075149
788	0.075154
789	0.075149
790	0.075154
791	0.075149
792	0.075149
793	0.075154
794	0.075154
795	0.075149
796	0.075154
797	0.075154
798	0.075149
799	0.075154
800	0.075149
801	0.075149
802	0.075149
803	0.075154
804	0.075154
805	0.075154
806	0.075154
807	0.075149
808	0.075154
809	0.075154
810	0.075154
811	0.075149
812	0.075154
813	0.075154
814	0.075149
815	0.075154
816	0.075154
817	0.075149
818	0.075154
819	0.075149
820	0.075154
821	0.075154
822	0.075154
823	0.075154
824	0.075154
825	0.075149
826	0.075154
827	0.075154
828	0.075154
829	0.075149
830	0.075154
831	0.075154
832	0.075154
833	0.075154
834	0.075149
835	0.075149
836	0.075154
837	0.075149
838	0.075149
839	0.075149
840	0.075149
841	0.075154
842	0.075149
843	0.075149
844	0.075154
845	0.075154
846	0.075154
847	0.075154
848	0.075154
849	0.075149
850	0.075154
851	0.075154
852	0.075154
853	0.075149
854	0.075149
855	0.075154
856	0.075154
857	0.075154
858	0.075149
859	0.075154
860	0.075154
861	0.075154
862	0.075154
863	0.075154
864	0.075154
865	0.075154
866	0.075149
867	0.075154
868	0.075154
869	0.075154
870	0.075154
871	0.075154
872	0.075154
873	0.075154
874	0.075154
875	0.075154
876	0.075149
877	0.075154
878	0.075149
879	0.075154
880	0.075149
881	0.075154
882	0.075149
883	0.075149
884	0.075154
885	0.075149
886	0.075149
887	0.075149
888	0.075154
889	0.075154
890	0.075154
891	0.075149
892	0.075149
893	0.075154
894	0.075149
895	0.075154
896	0.075154
897	0.075154
898	0.075154
899	0.075149
900	0.075154
901	0.075149
902	0.075154
903	0.075154
904	0.075154
905	0.075154
906	0.075154
907	0.075149
908	0.075154
909	0.075154
910	0.075154
911	0.075154
912	0.075154
913	0.075149
914	0.075149
915	0.075154
916	0.075149
917	0.075149
918	0.075149
919	0.075154
920	0.075154
921	0.075154
922	0.075154
923	0.075149
924	0.075149
925	0.075149
926	0.075154
927	0.075154
928	0.075149
929	0.075149
930	0.075154
931	0.075149
932	0.075149
933	0.075149
934	0.075154
935	0.075149
936	0.075149
937	0.075154
938	0.075154
939	0.075149
940	0.075154
941	0.075149
942	0.075154
943	0.075154
944	0.075149
945	0.075154
946	0.075149
947	0.075149
948	0.075154
949	0.075154
950	0.075149
951	0.075149
952	0.075149
953	0.075149
954	0.075149
955	0.075149
956	0.075149
957	0.075149
958	0.075149
959	0.075149
960	0.075149
961	0.075149
962	0.075154
963	0.075154
964	0.075149
965	0.075149
966	0.075149
967	0.075154
968	0.075149
969	0.075149
970	0.075154
971	0.075149
972	0.075149
973	0.075149
974	0.075149
975	0.075149
976	0.075149
977	0.075149
978	0.075149
979	0.075149
980	0.075149
981	0.075149
982	0.075149
983	0.075149
984	0.075149
985	0.075144
986	0.075149
987	0.075149
988	0.075149
989	0.075149
990	0.075149
991	0.075149
992	0.075149
993	0.075149
994	0.075149
995	0.075149
996	0.075154
997	0.075149
998	0.0742338
999	0.075149
1000	0.075144
====0.0686275
%% color optimization 
1	0.184026
2	0.178128
3	0.162055
4	0.160594
5	0.160133
6	0.160047
7	0.15982
8	0.159183
9	0.159099
10	0.158006
11	0.158891
12	0.156388
13	0.155266
14	0.156786
15	0.146597
16	0.14602
17	0.153942
18	0.152433
19	0.152446
20	0.147155
21	0.146713
22	0.150072
23	0.143761
24	0.146474
25	0.145128
26	0.138753
27	0.135564
28	0.138578
29	0.143873
30	0.134227
31	0.135276
32	0.133484
33	0.134293
34	0.136375
35	0.132805
36	0.135474
37	0.134174
38	0.131032
39	0.136028
40	0.135366
41	0.138462
42	0.132335
43	0.129803
44	0.13296
45	0.129329
46	0.1319
47	0.12816
48	0.130024
49	0.131542
50	0.12874
51	0.128049
52	0.128359
53	0.1286
54	0.132175
55	0.128958
56	0.12765
57	0.129446
58	0.129545
59	0.123685
60	0.127966
61	0.129347
62	0.122834
63	0.120322
64	0.122092
65	0.128965
66	0.130044
67	0.129609
68	0.127941
69	0.125191
70	0.121507
71	0.128218
72	0.12756
73	0.127961
74	0.130569
75	0.129745
76	0.127833
77	0.125746
78	0.127316
79	0.125234
80	0.128526
81	0.129755
82	0.127917
83	0.12869
84	0.129814
85	0.128535
86	0.128194
87	0.126706
88	0.128786
89	0.128015
90	0.127982
91	0.126977
92	0.126558
93	0.126797
94	0.127786
95	0.127954
96	0.126634
97	0.127429
98	0.127708
99	0.128001
100	0.127417
101	0.127087
102	0.127104
103	0.127099
104	0.128302
105	0.126916
106	0.128243
107	0.127375
108	0.127471
109	0.127496
110	0.127832
111	0.119375
112	0.123407
113	0.128253
114	0.127622
115	0.126344
116	0.127378
117	0.125704
118	0.120257
119	0.121976
120	0.12781
121	0.123101
122	0.119696
123	0.1234
124	0.127147
125	0.123232
126	0.121472
127	0.119995
128	0.120572
129	0.117782
130	0.127086
131	0.120059
132	0.118178
133	0.117283
134	0.121887
135	0.123003
136	0.120678
137	0.117621
138	0.122286
139	0.121365
140	0.123123
141	0.120394
142	0.120553
143	0.119716
144	0.123947
145	0.11937
146	0.118061
147	0.118574
148	0.120737
149	0.120136
150	0.121077
151	0.11895
152	0.116473
153	0.121476
154	0.117734
155	0.116392
156	0.11713
157	0.116214
158	0.119905
159	0.115724
160	0.11801
161	0.118379
162	0.115966
163	0.118694
164	0.11377
165	0.118059
166	0.112223
167	0.116602
168	0.117489
169	0.1162
170	0.117293
171	0.117199
172	0.116667
173	0.115691
174	0.116215
175	0.115111
176	0.11515
177	0.114638
178	0.116147
179	0.114936
180	0.115313
181	0.116522
182	0.117105
183	0.118366
184	0.116891
185	0.11835
186	0.115404
187	0.11431
188	0.115858
189	0.116111
190	0.116393
191	0.114702
192	0.116041
193	0.117084
194	0.116453
195	0.11684
196	0.115614
197	0.116257
198	0.116562
199	0.118993
200	0.117654
201	0.117594
202	0.114721
203	0.117924
204	0.119106
205	0.115469
206	0.116435
207	0.11761
208	0.116174
209	0.115101
210	0.117283
211	0.112596
212	0.114329
213	0.113311
214	0.116515
215	0.115157
216	0.116732
217	0.110332
218	0.112815
219	0.113223
220	0.112858
221	0.113262
222	0.113019
223	0.111411
224	0.113787
225	0.114424
226	0.115571
227	0.106613
228	0.111496
229	0.113611
230	0.111078
231	0.113492
232	0.102569
233	0.111232
234	0.11436
235	0.111336
236	0.112458
237	0.113024
238	0.115083
239	0.114482
240	0.112291
241	0.107718
242	0.109952
243	0.112798
244	0.112821
245	0.112937
246	0.112653
247	0.112249
248	0.113716
249	0.113114
250	0.112336
251	0.113324
252	0.111951
253	0.112669
254	0.114597
255	0.113231
256	0.112864
257	0.112922
258	0.113736
259	0.114064
260	0.11102
261	0.111633
262	0.110514
263	0.112591
264	0.110158
265	0.112589
266	0.112324
267	0.113187
268	0.111253
269	0.1123
270	0.111513
271	0.111156
272	0.11199
273	0.113678
274	0.110499
275	0.104811
276	0.105255
277	0.111522
278	0.111092
279	0.111641
280	0.110042
281	0.113697
282	0.111627
283	0.1105
284	0.111827
285	0.113623
286	0.111013
287	0.110731
288	0.111259
289	0.111161
290	0.111272
291	0.111498
292	0.110962
293	0.112565
294	0.112073
295	0.113638
296	0.110388
297	0.111695
298	0.111689
299	0.112159
300	0.110852
301	0.111301
302	0.110757
303	0.11176
304	0.110535
305	0.112951
306	0.10999
307	0.111626
308	0.111563
309	0.111524
310	0.110311
311	0.11042
312	0.111235
313	0.110609
314	0.111165
315	0.110611
316	0.112098
317	0.109274
318	0.109486
319	0.110515
320	0.109938
321	0.111499
322	0.110091
323	0.110695
324	0.11226
325	0.111429
326	0.11208
327	0.112826
328	0.111487
329	0.108847
330	0.112289
331	0.1094
332	0.10978
333	0.110558
334	0.11038
335	0.109812
336	0.111684
337	0.111727
338	0.112085
339	0.110921
340	0.107308
341	0.110454
342	0.112316
343	0.108643
344	0.112443
345	0.111366
346	0.104355
347	0.110956
348	0.109843
349	0.106056
350	0.109235
351	0.108632
352	0.111298
353	0.104251
354	0.108581
355	0.107948
356	0.109763
357	0.103451
358	0.108142
359	0.109739
360	0.11096
361	0.103746
362	0.10562
363	0.106224
364	0.107181
365	0.106583
366	0.110342
367	0.110132
368	0.110611
369	0.107372
370	0.105852
371	0.108533
372	0.103526
373	0.105047
374	0.107897
375	0.108245
376	0.109335
377	0.111487
378	0.110454
379	0.10931
380	0.106894
381	0.108498
382	0.110648
383	0.109238
384	0.101599
385	0.109686
386	0.104543
387	0.102081
388	0.105532
389	0.107647
390	0.109011
391	0.104522
392	0.109305
393	0.102602
394	0.105064
395	0.106879
396	0.104317
397	0.106815
398	0.109734
399	0.106799
400	0.109669
401	0.106294
402	0.104425
403	0.107606
404	0.105311
405	0.103973
406	0.105558
407	0.102963
408	0.103041
409	0.103625
410	0.102917
411	0.104473
412	0.109713
413	0.105718
414	0.10187
415	0.108415
416	0.101995
417	0.103786
418	0.101689
419	0.101096
420	0.105353
421	0.104222
422	0.10299
423	0.101851
424	0.10425
425	0.101955
426	0.104885
427	0.104513
428	0.105502
429	0.102495
430	0.101358
431	0.099172
432	0.104379
433	0.106138
434	0.103516
435	0.104221
436	0.103277
437	0.104314
438	0.106158
439	0.109401
440	0.102304
441	0.102998
442	0.104463
443	0.108222
444	0.102842
445	0.0996057
446	0.102806
447	0.100792
448	0.103001
449	0.105767
450	0.105279
451	0.103065
452	0.104065
453	0.104074
454	0.10587
455	0.102965
456	0.10459
457	0.103717
458	0.102705
459	0.101398
460	0.0997595
461	0.103221
462	0.103499
463	0.102828
464	0.102036
465	0.0994371
466	0.101701
467	0.102699
468	0.101953
469	0.103283
470	0.0988199
471	0.1015
472	0.0989926
473	0.101527
474	0.0995856
475	0.0995144
476	0.10272
477	0.101968
478	0.10196
479	0.0987012
480	0.101996
481	0.100035
482	0.100538
483	0.0990657
484	0.0974701
485	0.100296
486	0.0993717
487	0.0971696
488	0.099753
489	0.100509
490	0.0987063
491	0.100166
492	0.0979305
493	0.0990508
494	0.098744
495	0.099297
496	0.0985868
497	0.101972
498	0.100961
499	0.100444
500	0.100608
501	0.0986866
502	0.100739
503	0.0986806
504	0.101171
505	0.096393
506	0.0947716
507	0.0995666
508	0.102236
509	0.101066
510	0.0978394
511	0.10057
512	0.100126
513	0.100595
514	0.0869313
515	0.100492
516	0.100307
517	0.097564
518	0.102268
519	0.0983018
520	0.0997493
521	0.100284
522	0.100233
523	0.0994039
524	0.0990734
525	0.101212
526	0.0998574
527	0.099962
528	0.1002
529	0.100591
530	0.101044
531	0.0986102
532	0.0952674
533	0.0982086
534	0.10075
535	0.100251
536	0.0994843
537	0.0988047
538	0.0984922
539	0.0943838
540	0.0912647
541	0.097044
542	0.0984244
543	0.10042
544	0.0992512
545	0.0986824
546	0.0998064
547	0.0986501
548	0.100773
549	0.100286
550	0.0996904
551	0.0990914
552	0.0979346
553	0.0948371
554	0.0964681
555	0.0997612
556	0.0987947
557	0.100587
558	0.0981688
559	0.098938
560	0.0961876
561	0.0979416
562	0.0995802
563	0.0976041
564	0.100598
565	0.0966156
566	0.100523
567	0.0983067
568	0.0983211
569	0.0988211
570	0.0986473
571	0.096883
572	0.0978861
573	0.098593
574	0.0987769
575	0.0982438
576	0.0958346
577	0.0981292
578	0.0973958
579	0.0983141
580	0.0984891
581	0.0976446
582	0.093679
583	0.0942357
584	0.0953847
585	0.0975434
586	0.0982136
587	0.0976667
588	0.0992101
589	0.0983462
590	0.0977196
591	0.0953685
592	0.0966022
593	0.0973889
594	0.0966662
595	0.0993154
596	0.0988441
597	0.0944497
598	0.0982009
599	0.0933481
600	0.0955773
601	0.0942375
602	0.0954423
603	0.0964247
604	0.0932395
605	0.0955551
606	0.0965762
607	0.0950147
608	0.095317
609	0.0952941
610	0.0923725
611	0.0958796
612	0.0947837
613	0.0931175
614	0.0935228
615	0.0925039
616	0.096417
617	0.0951034
618	0.094664
619	0.0933835
620	0.0948364
621	0.0960261
622	0.0955791
623	0.0957248
624	0.0891146
625	0.0953336
626	0.0954767
627	0.0947502
628	0.0934202
629	0.0951556
630	0.0955008
631	0.0929026
632	0.0957916
633	0.0939725
634	0.0939048
635	0.0926448
636	0.0945743
637	0.0930913
638	0.0963026
639	0.095233
640	0.0931817
641	0.0938418
642	0.0918448
643	0.0936844
644	0.092738
645	0.0903298
646	0.0936588
647	0.0942762
648	0.0918736
649	0.0906496
650	0.0933141
651	0.0902512
652	0.0936727
653	0.0927143
654	0.0937833
655	0.0907725
656	0.0915079
657	0.0927602
658	0.0911151
659	0.0928041
660	0.0923817
661	0.0911397
662	0.092716
663	0.0909847
664	0.0890981
665	0.0917473
666	0.0929754
667	0.0895993
668	0.0908949
669	0.0922569
670	0.0927497
671	0.0895288
672	0.089315
673	0.0894342
674	0.0930388
675	0.0929575
676	0.0919831
677	0.0924047
678	0.0910597
679	0.0903394
680	0.0900864
681	0.0914229
682	0.091416
683	0.0910318
684	0.0915263
685	0.0903956
686	0.0915939
687	0.0917728
688	0.0911673
689	0.0897189
690	0.0903397
691	0.0872408
692	0.0910148
693	0.0909192
694	0.0924079
695	0.0919766
696	0.089841
697	0.0886849
698	0.0900291
699	0.0892714
700	0.0898318
701	0.090561
702	0.0908331
703	0.0911834
704	0.0881131
705	0.0893546
706	0.0899128
707	0.0899796
708	0.0909823
709	0.0903735
710	0.0896647
711	0.0912461
712	0.0905663
713	0.0897031
714	0.0902486
715	0.0914054
716	0.0895374
717	0.0911756
718	0.0884377
719	0.0900877
720	0.0891651
721	0.0912009
722	0.0895752
723	0.0891315
724	0.0893494
725	0.0893245
726	0.0901551
727	0.0900118
728	0.0898311
729	0.0886649
730	0.0908776
731	0.0893089
732	0.0909791
733	0.0900956
734	0.0910935
735	0.0896463
736	0.0893534
737	0.0920642
738	0.0909696
739	0.0891496
740	0.0923585
741	0.0905154
742	0.0905404
743	0.0889158
744	0.0905096
745	0.0891093
746	0.0911307
747	0.0909055
748	0.0920495
749	0.0892428
750	0.0905847
751	0.0899392
752	0.0896039
753	0.091945
754	0.0915653
755	0.0916485
756	0.0914431
757	0.08901
758	0.0892792
759	0.0888859
760	0.0888746
761	0.0899567
762	0.0915821
763	0.091823
764	0.0925845
765	0.0888417
766	0.0894375
767	0.091957
768	0.0904812
769	0.0902978
770	0.0901392
771	0.0887826
772	0.0889391
773	0.0897721
774	0.0890079
775	0.0906814
776	0.0916016
777	0.0898161
778	0.0883551
779	0.0902151
780	0.0895655
781	0.0900681
782	0.0883621
783	0.0895149
784	0.0889306
785	0.0887201
786	0.0889417
787	0.0891072
788	0.0876629
789	0.0893646
790	0.0902039
791	0.0879557
792	0.0906703
793	0.0908333
794	0.088669
795	0.0885267
796	0.0912718
797	0.0900337
798	0.0874866
799	0.087653
800	0.08881
801	0.0914343
802	0.0881603
803	0.089295
804	0.0892585
805	0.0883861
806	0.0888164
807	0.087896
808	0.0876651
809	0.0884378
810	0.0883561
811	0.088504
812	0.0868246
813	0.0881461
814	0.0873398
815	0.0877359
816	0.087417
817	0.0879349
818	0.0891447
819	0.0876132
820	0.0881037
821	0.0874844
822	0.0891036
823	0.0875423
824	0.0892339
825	0.0876393
826	0.0881396
827	0.087704
828	0.0884181
829	0.0887219
830	0.0890553
831	0.0893518
832	0.090018
833	0.0890863
834	0.0884544
835	0.0883664
836	0.0874318
837	0.0878787
838	0.0877566
839	0.0875807
840	0.0871504
841	0.0877598
842	0.0878818
843	0.0883629
844	0.0880714
845	0.0889072
846	0.0878127
847	0.0876232
848	0.0881743
849	0.0872236
850	0.0878878
851	0.0875831
852	0.0874653
853	0.0872186
854	0.088704
855	0.0880004
856	0.0882249
857	0.0877889
858	0.0873685
859	0.0883241
860	0.0877816
861	0.0874482
862	0.0874034
863	0.0879716
864	0.0880198
865	0.0867528
866	0.0877228
867	0.0876382
868	0.0875852
869	0.0863301
870	0.0877109
871	0.0876954
872	0.0874498
873	0.0867159
874	0.0860462
875	0.0862963
876	0.0871352
877	0.0876395
878	0.0878299
879	0.0873364
880	0.086623
881	0.0872429
882	0.0869296
883	0.0870959
884	0.0876415
885	0.087329
886	0.0868064
887	0.0875585
888	0.0879398
889	0.0882541
890	0.0872285
891	0.0878203
892	0.0857201
893	0.0871321
894	0.0874114
895	0.0871797
896	0.0870909
897	0.0859166
898	0.0870836
899	0.0871907
900	0.0872494
901	0.0877705
902	0.0877237
903	0.0868554
904	0.0865044
905	0.0872705
906	0.0866278
907	0.0859805
908	0.0862517
909	0.0863058
910	0.0863479
911	0.0862287
912	0.0859724
913	0.0873461
914	0.0870783
915	0.0872462
916	0.0877977
917	0.0870535
918	0.0863619
919	0.0872751
920	0.0856309
921	0.0856874
922	0.0869818
923	0.0865534
924	0.086863
925	0.0864442
926	0.0876867
927	0.0856618
928	0.0869574
929	0.0870655
930	0.0872558
931	0.0867847
932	0.0870426
933	0.0870342
934	0.0867225
935	0.0871306
936	0.0865763
937	0.0868681
938	0.0856256
939	0.0866567
940	0.0871839
941	0.086559
942	0.086448
943	0.0869845
944	0.0869748
945	0.0872278
946	0.087069
947	0.0868342
948	0.08645
949	0.0861984
950	0.0867996
951	0.0863531
952	0.0864187
953	0.0868363
954	0.0866858
955	0.0874761
956	0.0872142
957	0.0874215
958	0.0858816
959	0.0865247
960	0.0867512
961	0.0852498
962	0.0873664
963	0.0870851
964	0.0878157
965	0.087796
966	0.0869853
967	0.0873366
968	0.0880531
969	0.0874888
970	0.0869466
971	0.0869575
972	0.088193
973	0.0871567
974	0.0883671
975	0.0872789
976	0.0872524
977	0.0859622
978	0.0854369
979	0.0867774
980	0.0870633
981	0.0866921
982	0.0865016
983	0.0859643
984	0.0872856
985	0.0872689
986	0.0870718
987	0.087269
988	0.0858248
989	0.0864067
990	0.0860284
991	0.0871002
992	0.087253
993	0.0860784
994	0.0868578
995	0.0864568
996	0.087001
997	0.0854295
998	0.0857
999	0.085515
1000	0.0855385
