
# --------- Thu Jul 22 20:39:41 2010

 N 115
 seed 679150320
function evaluations 10000
elapsed (CPU) time [s] 1540.16
function value f(x)=0.159819
maximal standard deviation 1.13212
minimal standard deviation 1.01492
sigma 1.05364
axisratio 1.81377
xbestever found after 2400 evaluations, function value 0.143598
     0.362359      0.380416     0.0769017     0.0500622     -0.701071
     0.857858     -0.375751     -0.772935     -0.967515     -0.490123
    -0.477194      0.243395      0.890553       1.17968     -0.659418
    0.0556238       0.18932    -0.0938913      -0.43491      0.678953
    -0.370799     -0.280751     -0.360895      0.442119     -0.269374
    -0.483793      -0.65205     -0.244751     -0.494638      0.120608
    -0.413349      -0.69122     -0.264265     -0.136244       0.56361
    -0.532877     0.0324875      0.441626      0.379878     0.0374266
     0.289628     -0.340041     -0.381249    -0.0565357      0.835681
     0.191819      -1.60864    -0.0122449       0.04686      0.343378
     0.425884    -0.0790928     -0.139061      0.268863      0.500793
     0.318165       0.11679       1.11512      0.141619     -0.514465
   -0.0942199      0.280588     -0.129144     -0.820208     -0.393811
     -1.61321     0.0673966      0.257255      0.666743      0.638304
    -0.944873    -0.0211159     -0.201198     -0.469653       2.04063
   0.00295156      0.540848      -0.47005     -0.696863      0.620502
    -0.915093      0.575539      0.500457      0.823062     0.0724571
    0.0962608      0.325434     -0.225608     -0.122052     -0.221993
     0.872213      0.772533      0.034956      0.597305      0.326171
    -0.154691     -0.371907      0.242876     -0.484184      0.458475
    -0.184528      0.309811     -0.944404     -0.962637        -0.994
     0.419281      0.193619     -0.568429      -0.22617     -0.570102
     0.226516     -0.413247       1.24012     0.0839304      0.212407
xbest (of last generation, function value 0.159819)
     -1.97391      0.855092       -2.2273      0.167147      -2.05968
      2.41194       1.29161      0.291825      -1.05291     -0.320963
      1.30816        1.6882       1.89968       1.92943       5.38162
     0.727502       3.39543     -0.332212      -4.34569       2.52562
    -0.193061       2.22488      -1.98944      0.326421      -1.27518
        1.343     -0.882062     -0.731816      0.926455       1.73433
     -3.81634     0.0367861      0.138374      0.656794        1.5641
      2.94791       1.05593       1.56682       1.10177       1.84456
     -1.54892      -1.03996       1.08944       1.33534       1.35369
      2.00631      -1.50966       2.28537       1.88717       2.14533
    -0.151877     -0.290643     0.0875963      -1.18283       3.09397
    -0.594469       4.12495        2.1606       3.27395      -1.31769
    -0.360895       4.40235       2.75824    -0.0489042     -0.471659
     -4.00641      0.616789      -1.73041       1.13645      0.237144
     -2.02334      -1.68854      -2.72169      0.709304        7.5665
     -1.38924       1.31511      -1.24256     -0.528667       3.25615
      1.23607       4.53264     -0.574619       -1.3801      0.214956
     -2.21603       1.49659       1.58035       2.52803       2.15332
      2.14321       2.27803      0.675875      0.453833     -0.628601
      1.53567       -1.4078       1.21639       3.40071       2.87965
      -4.2968      -3.64089        -1.332      -0.41793    0.00514817
     0.718127       6.01806      -2.20984    -0.0709638      -1.70638
    0.0151394     -0.127645      0.673606      -3.01541     -0.363436
xmean 
     -2.59891      0.617489      -1.82852      0.537302      -3.05636
      4.17992       1.18758     -0.925598      -1.19009    -0.0418264
   -0.0870795       2.72808       2.21052      0.478468        3.2764
     0.670197       1.91835      0.518333      -2.49271       1.60051
     0.222506     -0.277971      -1.10928     -0.639946      -0.28881
   0.00374365      -1.73869     -0.307449      0.106965       1.77569
     -4.38898      0.130221     -0.968432      0.930448       1.30962
      1.87818       1.65922       2.16357       1.24757       2.79153
     -0.93815      -1.69066       1.24325       2.23143        1.7339
      1.42112      -0.77882       3.13711       1.81327       2.47357
     -1.06304     -0.267503     -0.401481      -1.70379       2.66289
    -0.962413       4.72442        2.6305       4.37544      -1.00338
     -1.86877       3.15842       2.15156     -0.325741      -2.34918
     -4.55806      -1.26108     -0.679034      0.154399      0.097921
     -1.50013     -0.355372      -1.94767     -0.147062       6.14685
    -0.563621      0.426391     -0.961628      -1.10628       1.93989
     0.362521       3.60437      -1.56287      -1.75643      0.177011
     -2.60073      0.745617        2.7378        1.4344       1.59819
      2.10673       2.16148      0.417916      0.232174     -0.690308
     0.867389     -0.979045       2.16697       3.61722       2.07473
     -4.28578       -2.9483      -1.40519     -0.770961     0.0659053
     0.142276       5.49678      -1.58046       1.35049      -1.63833
       0.7543      -1.02759      0.376494      -2.79352      -2.71048
Standard deviation of coordinate axes (sigma*sqrt(diag(C)))
      1.06004       1.04448       1.05422       1.05045       1.04553
      1.04851       1.01492       1.01741       1.04996       1.04696
      1.03862       1.05719       1.06316       1.04754       1.05151
      1.06274       1.05793       1.04905       1.05872       1.06431
      1.05251       1.04916       1.04956       1.04713       1.04558
      1.04748       1.07433       1.04495        1.0559        1.0532
      1.08758       1.04763       1.05216       1.06014       1.05783
      1.05934       1.04741        1.0527       1.05726       1.05463
      1.04654       1.04672       1.04125        1.0552       1.05964
      1.06749       1.05233       1.04746       1.05049       1.05298
      1.05749       1.04128       1.04264       1.05184       1.06034
      1.05505       1.06488       1.05723       1.07394       1.05422
      1.05947       1.04848        1.0515       1.04816       1.05185
      1.11652       1.03837       1.05151       1.05181       1.05611
      1.06232       1.05036        1.0483       1.04846       1.13212
      1.04752       1.04126       1.04708       1.05644       1.07579
      1.04949       1.07019       1.06112       1.05291       1.05169
       1.0505       1.04463       1.04762       1.05221       1.05059
      1.04852       1.06556        1.0472       1.05313       1.04786
      1.05309       1.04695        1.0486       1.06418       1.04425
      1.05912        1.0486       1.05301       1.06873       1.05406
      1.04999       1.08428       1.06311       1.04248       1.05209
      1.05333       1.04748       1.06074       1.06922       1.05996
Main axis lengths of mutation ellipsoid (sigma*diag(D))
      1.64652       1.20982       1.16006       1.12948       1.12619
      1.12318       1.11977       1.11634       1.11485       1.11077
      1.10852       1.10547       1.10466       1.10389       1.10216
      1.10053       1.09983       1.09825       1.09552       1.09293
      1.09084       1.08941       1.08789       1.08669       1.08295
      1.08074       1.07948       1.07707         1.076       1.07447
      1.07336       1.07204       1.07049       1.07007       1.06774
      1.06745       1.06615       1.06392       1.06383       1.06288
      1.06148       1.06033       1.05978       1.05843       1.05812
      1.05659       1.05461       1.05401       1.05315       1.05206
      1.05038        1.0498       1.04872       1.04804       1.04621
      1.04593       1.04556       1.04388        1.0424       1.04079
      1.03999       1.03846       1.03809       1.03671       1.03572
       1.0346       1.03333       1.03247       1.03152       1.03095
      1.03044        1.0298       1.02775       1.02692        1.0263
      1.02534       1.02311       1.02215       1.02121       1.02065
      1.02005       1.01969       1.01858       1.01741       1.01697
      1.01416       1.01285       1.01205       1.01165       1.00993
      1.00884       1.00788       1.00636       1.00482       1.00431
      1.00394        1.0033         1.002       1.00132        1.0011
     0.999533      0.998199      0.997754      0.996958      0.996044
      0.99459      0.993822      0.991802      0.990818      0.988424
     0.987459      0.987093      0.984786      0.983518      0.907791
Longest axis (b_i where d_ii=max(diag(D))
    0.0331582    -0.0452736     0.0829205    -0.0249096      0.193379
     -0.19917    -0.0467513     0.0297092     0.0179778    -0.0626185
     0.045675     -0.093334     -0.147877   -0.00475903   0.000836421
    -0.102877     -0.100282    -0.0660574      0.108317     -0.105273
    0.0119519     0.0921241     0.0351193     0.0256442     0.0814283
     0.065821      0.170706     0.0194674     0.0606906    -0.0621854
      0.19019     0.0496784     0.0148294    -0.0963401     -0.109907
   -0.0702004    -0.0290067    -0.0473088    -0.0496552    -0.0784372
  -0.00474053      0.017434    -0.0288642    -0.0987862     0.0110776
    -0.110298     0.0534518    -0.0388301     -0.034915    -0.0132119
    0.0986877     0.0525154     0.0560935     0.0436608     -0.134161
   -0.0030591     -0.162114     -0.143303      -0.18075     0.0881775
     0.134426    -0.0394953    -0.0889726     0.0354116     0.0387721
     0.308412     0.0492933      0.024362    -0.0511494    -0.0914091
     0.117117    -0.0250648     0.0454205    -0.0313437     -0.333458
   -0.0212621     0.0122893     0.0313439     0.0202374     -0.157612
   -0.0107388     -0.156724    -0.0350914     0.0365103    -0.0333558
    0.0826014    -0.0119799    -0.0307004    -0.0509456     -0.102795
   -0.0789468     -0.181475    -0.0288256     0.0282054    -0.0172307
    0.0577958     0.0733208    -0.0791206       -0.0805    0.00654724
    0.0845019     0.0574095    -0.0147813      0.119332     -0.054109
   -0.0639661     -0.192399      0.127982   -0.00896066     0.0633678
  -0.00159617      0.089341   -0.00363355      0.130469       0.12651
Shortest axis (b_i where d_ii=max(diag(D))
  0.000170136    0.00869781    0.00935519  -0.000845174     -0.507684
    -0.454428      0.519502     -0.497187    -0.0116087    -0.0249598
   -0.0131574   -0.00825236   -0.00191984    0.00119718    0.00835047
  -0.00326499    -0.0158246    -0.0198326    0.00460773    0.00453622
   0.00807947  -0.000756681    -0.0189419    0.00915977     0.0160028
    0.0115043     0.0317262    0.00657663   -0.00124839     0.0150435
  0.000976125    0.00960809     0.0039855    -0.0262832    0.00370552
     0.010461    0.00823832    0.00136004    0.00231093    0.00693309
   0.00286497    0.00896591   -0.00710351    -0.0175712      0.015842
    0.0209358    0.00478496   -0.00809986     0.0118965    0.00594417
  -0.00235792    -0.0022293   -0.00484087   -0.00872933    0.00672032
   0.00366907    -0.0426867     0.0074817    -0.0161749     0.0269484
    0.0383682    -0.0193067   -0.00409151    0.00230829     0.0240785
    0.0235369   0.000127729     0.0056728    -0.0103182    -0.0103693
  -0.00633365    0.00967241     0.0152253    -0.0241629    -0.0278801
  -0.00504228  -0.000940671     0.0227919    -0.0018986   -0.00311077
  -0.00123176   -0.00310744   -0.00472923    0.00194248     0.0055943
   0.00429284   -0.00714957   -0.00181179   -0.00994606     0.0072382
   0.00878182   -0.00337241    -0.0297204    0.00243075    0.00541801
 -0.000226426    0.00415674    0.00798262     0.0182069    0.00535405
  -0.00160266    -0.0162146   7.86738e-06     0.0118587   -0.00574633
  -0.00899414     0.0109967    0.00986549    0.00447227    -0.0158715
    0.0141849     0.0159156   -0.00021741   -0.00679138    -0.0172848

# --------- Thu Jul 22 21:25:09 2010

 N 115
 seed -812753080
function evaluations 1000
elapsed (CPU) time [s] 313.73
function value f(x)=0.159813
maximal standard deviation 0.235112
minimal standard deviation 0.233241
sigma 0.234268
axisratio 1.05638
xbestever found after 900 evaluations, function value 0.159616
       0.1132     0.0823133      0.101919     0.0396726     -0.365054
    -0.517375     -0.326646     -0.323957     -0.135695        0.5322
   -0.0582961     -0.271491     -0.550667      0.328564     0.0142148
   -0.0821046     0.0857097     0.0970491     -0.403258     -0.223356
   -0.0236956     0.0885911      0.111129    -0.0885097     -0.300506
    -0.245108     -0.120348     -0.186635    -0.0775183     -0.128123
   -0.0786059    -0.0797671     0.0338995     0.0384275      -0.11946
    -0.118727      0.110449     -0.163276      0.145179     -0.179627
     0.183477      0.201923      0.191448      0.417552      0.184035
    -0.267075      0.081214     -0.483579     -0.365753     -0.410294
   -0.0602718     -0.118976     -0.225435       0.11676      0.082947
     0.132601     -0.337359    -0.0709298      0.162828    -0.0524848
    0.0395568     0.0996131    -0.0880302      0.317142      0.110338
     0.742844      0.230924      0.346817     -0.461483     -0.138374
     -0.17285     -0.210008      0.178146      0.193578      0.307283
     0.178114     -0.111034      0.142549     -0.345233     -0.148299
     0.491979     -0.245306     -0.107282    -0.0151761     0.0883881
    0.0182118      0.072105     0.0926074     -0.558122     -0.406183
    -0.206175      0.133431     -0.321863    -0.0458242    -0.0931181
     0.148034     -0.244958    -0.0241761     -0.260803     0.0376111
    -0.218818      0.369373      0.120545    -0.0963693     0.0569343
   -0.0764128     -0.130906     -0.158842    -0.0724573     -0.103322
     0.197938    -0.0404695     -0.131963      0.194857     -0.366799
xbest (of last generation, function value 0.159813)
     0.230227    0.00813143     0.0733587     -0.678767    -0.0251668
    -0.263232     -0.386847     -0.272048     -0.709896     -0.153629
    0.0765178      0.149025      0.110327     0.0155929     0.0567513
   -0.0901398     -0.269039    -0.0115479      0.340398      -0.20485
    0.0758231     -0.188506    -0.0783298     -0.450432    -0.0403611
   -0.0481979     0.0772453      0.440387      0.083466     -0.378063
    -0.265887      0.211961    -0.0968527    -0.0734227     0.0467601
    0.0503639      -0.52925     0.0969507      -0.37533     -0.214376
     0.572418     0.0846224    -0.0137592      0.240087     -0.166104
   0.00172939     -0.455196     -0.291756     -0.231405      0.014797
     0.248868     0.0392317     -0.207942      0.146016     -0.067283
    0.0757682    -0.0433375     -0.426481     0.0102661     -0.409467
    -0.550751    -0.0241972      -0.34572      0.187423     0.0802858
     0.680071      0.305558      0.109492     -0.134214     -0.208508
  -0.00621204      0.557156     -0.406599      0.147553       1.12524
    -0.515928      0.198518     -0.513632    -0.0133663     -0.143575
    0.0266465     -0.349158      0.559582       0.45175      0.295302
    0.0894478     -0.424659    -0.0698491    -0.0878533    -0.0991383
   0.00191843     0.0981592      -0.44343     0.0867931     0.0995763
     0.243207     0.0125213    -0.0604655     -0.236243      0.120944
    -0.110644     -0.163613      0.228928     -0.302803     0.0278657
    -0.146754      0.410167      0.155911     -0.163552      0.197769
     0.243458      0.278166      0.264652    -0.0708219    -0.0836126
xmean 
     0.101238    -0.0464091     0.0442975     -0.318262     -0.345295
    -0.179535     -0.189698     -0.236596     -0.199063      0.220944
    -0.111616     -0.035076      -0.12468      0.194282      0.314741
     0.115789    -0.0138806       0.12753    -0.0114922     -0.216663
   -0.0318752     0.0648638    -0.0526659     -0.133246     -0.128102
    -0.179251     0.0963941     0.0833674      -0.12338     -0.165338
    -0.175739     -0.069793    0.00600881     0.0236237      -0.10887
      0.01459     -0.055762    -0.0306897    0.00229915      -0.24303
     0.178136      0.191213    0.00379889      0.194538     0.0139756
   -0.0725544     -0.148247     -0.173988     -0.105644     -0.195241
     0.327684    -0.0618376     -0.114965      0.195256     0.0062013
    0.0679216    -0.0992729     -0.200618   -0.00285447     -0.253788
  -0.00188125    -0.0554157     -0.393065     0.0842842     0.0153758
     0.520028      0.069685      0.171391     -0.200372    -0.0776696
     -0.12084      0.162755    -0.0658141      0.173037      0.549063
    -0.140083      0.140292     -0.237791     -0.307163    -0.0544208
     0.173395     -0.132492      0.183116   -0.00529302     0.0760661
     0.124639    -0.0138479    -0.0299717     -0.123945     -0.171543
    -0.062071    -0.0257363      -0.03706    -0.0321362     0.0308996
     0.194143     -0.065753    -0.0111927    -0.0964449     0.0978936
   -0.0937644       0.15106      0.163537     -0.117124    -0.0612958
     0.116873     0.0951295     -0.130346      0.071512      0.034452
   0.00173257     0.0916259      0.123513     0.0254488     -0.275688
Standard deviation of coordinate axes (sigma*sqrt(diag(C)))
      0.23447      0.234121      0.233653      0.234129       0.23484
      0.23402      0.233445      0.233241      0.234509      0.233713
     0.233924      0.234041      0.234682      0.234201      0.234458
     0.233417      0.233893      0.233654      0.234864      0.234059
     0.233822      0.234501      0.235021      0.233834      0.233874
     0.234107      0.234452      0.234638      0.234278      0.234137
     0.234137      0.234545      0.233899      0.234001      0.234908
     0.233935      0.234261      0.234146      0.234036      0.234553
     0.234126      0.233987      0.233593      0.234241      0.234514
     0.234272      0.234304      0.234776      0.233817      0.234656
     0.234248      0.234786      0.235112      0.233917       0.23373
     0.234183      0.234553      0.234095       0.23358      0.234318
     0.234142      0.234647      0.234886      0.234005        0.2338
     0.234666      0.233487      0.233574         0.234      0.233704
     0.234595      0.234425       0.23411      0.234454      0.234134
     0.233953      0.233621      0.233759      0.233869        0.2339
     0.234331       0.23437      0.234464      0.234149      0.234209
      0.23389      0.234271      0.234463      0.234849      0.234329
     0.234526      0.234351      0.233732      0.234228      0.233451
     0.234187      0.234083      0.234043      0.233772      0.234147
     0.234149        0.2338      0.233947      0.234236      0.233722
     0.234136      0.234536      0.234679      0.234024      0.234134
     0.234337      0.234145      0.234796       0.23433      0.233927
Main axis lengths of mutation ellipsoid (sigma*diag(D))
     0.243973      0.242032      0.241373      0.240917      0.240327
     0.239703      0.239422      0.239105      0.238823       0.23867
     0.238337      0.238318       0.23798      0.237892      0.237714
     0.237563      0.237384      0.237147      0.236967       0.23674
     0.236639      0.236507      0.236375      0.236285      0.236043
      0.23602      0.235817      0.235796      0.235621      0.235595
      0.23543      0.235404       0.23525      0.235169      0.235115
     0.235082      0.234984      0.234851      0.234761      0.234743
     0.234512      0.234506      0.234431      0.234332      0.234254
     0.234217      0.234152      0.234018      0.233964      0.233901
     0.233783      0.233729      0.233666      0.233564      0.233533
     0.233444      0.233386      0.233333      0.233293      0.233244
     0.233218      0.233184      0.233079      0.232993      0.232983
     0.232937      0.232897      0.232854      0.232741      0.232716
     0.232661      0.232603      0.232555      0.232549      0.232508
      0.23246      0.232445      0.232342      0.232312       0.23225
     0.232218      0.232139      0.232135      0.232082      0.232044
     0.232039      0.231958      0.231931      0.231912      0.231877
     0.231807      0.231783      0.231766      0.231712      0.231675
     0.231648      0.231603      0.231569      0.231557      0.231511
     0.231478      0.231438      0.231393      0.231363      0.231331
     0.231277      0.231255      0.231223      0.231207      0.231202
     0.231121      0.231097      0.231033      0.231003      0.230951
Longest axis (b_i where d_ii=max(diag(D))
    0.0214804    -0.0683804      0.021234      0.100298      0.360847
    0.0894318      0.184257      0.034082      0.052411     0.0302268
    0.0812602    0.00708045    -0.0369931    -0.0547212     -0.155099
   -0.0465905    -0.0488862     0.0776443    -0.0751042      0.112801
     0.151279     -0.117802      0.125747     0.0514871     0.0438922
     0.150233      0.118358     0.0831185      0.100493     0.0912926
     0.132356     0.0644936     0.0217449      0.114665       0.21676
    0.0124198     -0.052731     0.0170896    -0.0267275    -0.0101959
   -0.0807174    -0.0725744     0.0107042     0.0310041   -0.00305966
   -0.0670904      0.020862      0.106703     0.0735839      0.120426
    -0.174089  -8.67857e-05      -0.11404     -0.051673    -0.0885005
    -0.115779    -0.0148898    -0.0142219      0.138368    -0.0160943
   -0.0548685     0.0656457      0.148947    0.00922065     0.0258531
    -0.238813     0.0382868    -0.0158134     0.0820897     -0.025165
    0.0314734    -0.0848837     0.0223728     0.0803527     -0.214616
    0.0534199    -0.0467731   -0.00426208      0.117256     -0.092508
   -0.0429302     0.0941232     -0.179192      0.155471     -0.100106
    0.0397722    -0.0938967     0.0539202      0.241568     0.0324018
    0.0409819    -0.0408558    -0.0183707     0.0217246    -0.0309677
   -0.0872851    -0.0106632     0.0145173     0.0362978    -0.0856853
    0.0579079    0.00106832   0.000757276     0.0774867     0.0867526
   -0.0605173    -0.0377635     0.0589773     -0.016483     0.0426876
   -0.0444733    -0.0617649    -0.0336022    -0.0844574     0.0616067
Shortest axis (b_i where d_ii=max(diag(D))
     0.221107     0.0734297     0.0870772    -0.0065308     0.0586332
    -0.139866       0.10665     -0.115624     0.0514881   -0.00762617
   -0.0054899    -0.0904641     0.0997533     -0.128836     -0.108085
     0.268427      0.136586    -0.0292344       0.12735    -0.0753885
    -0.172153    -0.0584559     0.0293095      0.070971     -0.250876
    0.0228148     0.0656371    -0.0311127   0.000809442    -0.0516206
  -0.00702268     0.0824756      0.154471     0.0325957     0.0426216
   -0.0561806    0.00915683    -0.0856064    0.00924882      0.113638
    0.0600443     0.0545255     -0.136791     0.0688472    -0.0495765
    -0.103999     -0.124993    -0.0714545    -0.0580506     0.0810751
    0.0118196    0.00548273     0.0339672      0.016347    -0.0109598
    0.0648234     -0.183691     0.0165068    -0.0711787    -0.0830156
    0.0810177      0.101043     -0.141645     0.0692561      0.112262
     0.162588     -0.177847     -0.139948      0.089248      0.144392
    0.0748332    -0.0977463      0.113839    -0.0598208     0.0195877
   -0.0858953     0.0342503    0.00696963      0.117522    -0.0712273
   -0.0184612      0.206844      0.016412    -0.0340763     -0.124189
  -0.00160309    -0.0695839     0.0731376     0.0800282    -0.0652467
     0.108702      -0.12072    -0.0363859     0.0515974     -0.041095
     0.036467     -0.104721     -0.110546    -0.0118905     0.0457053
   0.00050333    -0.0150104     0.0765658     0.0489915    -0.0306551
    0.0168128    -0.0483472    -0.0184886     0.0081537      0.100263
    0.0917955     0.0729931      0.124743     0.0152094      0.149662

# --------- Thu Jul 22 21:33:17 2010

 N 115
 seed -851209180
function evaluations 100
elapsed (CPU) time [s] 0.00
function value f(x)=0.181806
maximal standard deviation 0.0884308
minimal standard deviation 0.0881494
sigma 0.0882397
axisratio 1
xbestever found after 100 evaluations, function value 0.181806
     0.213717    -0.0363427    -0.0184647      0.245027     -0.205567
     -0.12233    -0.0688915    -0.0746113     -0.445065     0.0303119
   -0.0806631     -0.162632      0.139631   -0.00750958     -0.175271
    0.0270516     -0.191187    -0.0187686     0.0160162    -0.0778544
    -0.233899    -0.0700081      -0.32463     -0.102938      0.109221
    0.0792674     0.0180022    -0.0244861      -0.10067      0.021587
    0.0412914    -0.0266826    -0.0162048     0.0696106      0.188173
  -0.00706613     -0.147964    -0.0103754    0.00242429    -0.0670524
   -0.0749768     0.0647304    -0.0490714      0.210194     -0.054008
    0.0525912      -0.14905     -0.155214   -0.00542748    -0.0366413
    -0.204862     0.0866227      0.349286     0.0316431     -0.245409
   -0.0494833     0.0180879      0.103703     0.0925694     -0.069125
    -0.166966   -0.00662927      0.088616    -0.0243637      0.113345
     0.239949     -0.213462      0.143269    -0.0392523    -0.0522714
     0.170483     -0.140532    -0.0589909     0.0420462      0.336918
   -0.0984167      0.130198     -0.160037      0.242402     -0.124483
      0.22527     -0.103689     -0.102016  -0.000420737     -0.104039
       0.3639     -0.026456      -0.14078     0.0750197       0.17074
  -0.00740355    -0.0284536     -0.210335    -0.0823973     -0.156675
     0.245551    -0.0415578    -0.0219918     0.0804604     0.0654522
   -0.0944305    -0.0831529     0.0891488     0.0270662    -0.0531334
    0.0901219    -0.0475985      0.137416      0.156481      0.192556
     0.388802      0.099181    -0.0407709       0.22748     -0.168492
xbest (of last generation, function value 0.181806)
     0.213717    -0.0363427    -0.0184647      0.245027     -0.205567
     -0.12233    -0.0688915    -0.0746113     -0.445065     0.0303119
   -0.0806631     -0.162632      0.139631   -0.00750958     -0.175271
    0.0270516     -0.191187    -0.0187686     0.0160162    -0.0778544
    -0.233899    -0.0700081      -0.32463     -0.102938      0.109221
    0.0792674     0.0180022    -0.0244861      -0.10067      0.021587
    0.0412914    -0.0266826    -0.0162048     0.0696106      0.188173
  -0.00706613     -0.147964    -0.0103754    0.00242429    -0.0670524
   -0.0749768     0.0647304    -0.0490714      0.210194     -0.054008
    0.0525912      -0.14905     -0.155214   -0.00542748    -0.0366413
    -0.204862     0.0866227      0.349286     0.0316431     -0.245409
   -0.0494833     0.0180879      0.103703     0.0925694     -0.069125
    -0.166966   -0.00662927      0.088616    -0.0243637      0.113345
     0.239949     -0.213462      0.143269    -0.0392523    -0.0522714
     0.170483     -0.140532    -0.0589909     0.0420462      0.336918
   -0.0984167      0.130198     -0.160037      0.242402     -0.124483
      0.22527     -0.103689     -0.102016  -0.000420737     -0.104039
       0.3639     -0.026456      -0.14078     0.0750197       0.17074
  -0.00740355    -0.0284536     -0.210335    -0.0823973     -0.156675
     0.245551    -0.0415578    -0.0219918     0.0804604     0.0654522
   -0.0944305    -0.0831529     0.0891488     0.0270662    -0.0531334
    0.0901219    -0.0475985      0.137416      0.156481      0.192556
     0.388802      0.099181    -0.0407709       0.22748     -0.168492
xmean 
     0.124382     0.0555607    0.00465439      0.155108    -0.0739542
   -0.0153621     0.0118844   -0.00674545    -0.0748859    -0.0356411
    -0.150024    -0.0467961     0.0874678     -0.061779    -0.0192776
   -0.0183183     -0.095751    -0.0704912    -0.0253157     -0.154375
   -0.0874666     0.0433049     -0.221338     -0.108805     0.0921469
   0.00577886     0.0167822     0.0655916     0.0265139     -0.107428
  -0.00746428     -0.091355   -0.00378385      0.027121     0.0822077
 -0.000629747     -0.075332   -0.00921891      0.152264    -0.0306251
    0.0220305     0.0384931    -0.0122958      0.104501    -0.0244904
     0.168429     -0.109032     -0.156944     0.0784967    -0.0394875
   -0.0459611     0.0897628      0.192886    -0.0177401    -0.0173037
    -0.122917     0.0508286     0.0796306    -0.0783297     -0.085704
   -0.0419449    -0.0248987       0.15315    -0.0687894     0.0593061
     0.236217      -0.12274      0.124742     0.0194949     0.0783347
      0.11312    -0.0938147    -0.0555494   -0.00940287      0.213327
   -0.0971975      0.099718     0.0182262      0.144725    -0.0225522
     0.154564     -0.167248    -0.0944433     0.0336733    -0.0558122
     0.235621     0.0708985    -0.0817894      0.187421      0.189105
     0.179074     0.0256388    -0.0565395    -0.0873028    -0.0682434
     0.160437    -0.0315524     0.0318024      0.109578     0.0682887
    0.0855829     -0.129578      0.130827      0.041744    -0.0844559
    0.0195634    -0.0255705      0.101806      0.194216      0.146373
     0.276087     0.0689171     -0.158973     0.0499332     -0.077139
Standard deviation of coordinate axes (sigma*sqrt(diag(C)))
     0.088227     0.0882593     0.0881833     0.0882717     0.0883534
    0.0882825     0.0883067     0.0882419     0.0884308     0.0882106
    0.0881788      0.088242     0.0881794     0.0881686     0.0882614
     0.088172     0.0882749     0.0882544     0.0882105     0.0882878
    0.0882773     0.0882872     0.0882566     0.0883218     0.0882772
     0.088206     0.0882662      0.088218     0.0882301     0.0882346
    0.0882255     0.0882076     0.0881836       0.08818     0.0882541
    0.0882436     0.0882114     0.0881494     0.0882387     0.0881988
    0.0881954     0.0881834     0.0882139     0.0881977      0.088232
    0.0882283     0.0882152     0.0881825      0.088193     0.0883464
    0.0882265     0.0882359     0.0882606     0.0882139     0.0883364
    0.0882282      0.088283     0.0881731     0.0883007     0.0881825
     0.088251     0.0882176      0.088225     0.0882472     0.0882275
    0.0882784     0.0882143     0.0882308     0.0882013     0.0882438
    0.0882524     0.0882564     0.0881801     0.0881802     0.0882644
    0.0881534     0.0882892     0.0882457     0.0881589     0.0882228
    0.0882046     0.0881882     0.0881938     0.0882092     0.0882132
    0.0882752      0.088264     0.0881898     0.0881963     0.0882705
    0.0882532     0.0881576     0.0882713     0.0882637     0.0882574
    0.0882299     0.0881744     0.0881819     0.0882232     0.0881658
    0.0882978     0.0882364      0.088201     0.0882192     0.0881915
    0.0882681     0.0882111     0.0881925     0.0881806     0.0882496
    0.0882616     0.0882468     0.0882104     0.0882657     0.0882012
Main axis lengths of mutation ellipsoid (sigma*diag(D))
    0.0882397     0.0882397     0.0882397     0.0882397     0.0882397
    0.0882397     0.0882397     0.0882397     0.0882397     0.0882397
    0.0882397     0.0882397     0.0882397     0.0882397     0.0882397
    0.0882397     0.0882397     0.0882397     0.0882397     0.0882397
    0.0882397     0.0882397     0.0882397     0.0882397     0.0882397
    0.0882397     0.0882397     0.0882397     0.0882397     0.0882397
    0.0882397     0.0882397     0.0882397     0.0882397     0.0882397
    0.0882397     0.0882397     0.0882397     0.0882397     0.0882397
    0.0882397     0.0882397     0.0882397     0.0882397     0.0882397
    0.0882397     0.0882397     0.0882397     0.0882397     0.0882397
    0.0882397     0.0882397     0.0882397     0.0882397     0.0882397
    0.0882397     0.0882397     0.0882397     0.0882397     0.0882397
    0.0882397     0.0882397     0.0882397     0.0882397     0.0882397
    0.0882397     0.0882397     0.0882397     0.0882397     0.0882397
    0.0882397     0.0882397     0.0882397     0.0882397     0.0882397
    0.0882397     0.0882397     0.0882397     0.0882397     0.0882397
    0.0882397     0.0882397     0.0882397     0.0882397     0.0882397
    0.0882397     0.0882397     0.0882397     0.0882397     0.0882397
    0.0882397     0.0882397     0.0882397     0.0882397     0.0882397
    0.0882397     0.0882397     0.0882397     0.0882397     0.0882397
    0.0882397     0.0882397     0.0882397     0.0882397     0.0882397
    0.0882397     0.0882397     0.0882397     0.0882397     0.0882397
    0.0882397     0.0882397     0.0882397     0.0882397     0.0882397
Longest axis (b_i where d_ii=max(diag(D))
            1             0             0             0             0
            0             0             0             0             0
            0             0             0             0             0
            0             0             0             0             0
            0             0             0             0             0
            0             0             0             0             0
            0             0             0             0             0
            0             0             0             0             0
            0             0             0             0             0
            0             0             0             0             0
            0             0             0             0             0
            0             0             0             0             0
            0             0             0             0             0
            0             0             0             0             0
            0             0             0             0             0
            0             0             0             0             0
            0             0             0             0             0
            0             0             0             0             0
            0             0             0             0             0
            0             0             0             0             0
            0             0             0             0             0
            0             0             0             0             0
            0             0             0             0             0
Shortest axis (b_i where d_ii=max(diag(D))
            1             0             0             0             0
            0             0             0             0             0
            0             0             0             0             0
            0             0             0             0             0
            0             0             0             0             0
            0             0             0             0             0
            0             0             0             0             0
            0             0             0             0             0
            0             0             0             0             0
            0             0             0             0             0
            0             0             0             0             0
            0             0             0             0             0
            0             0             0             0             0
            0             0             0             0             0
            0             0             0             0             0
            0             0             0             0             0
            0             0             0             0             0
            0             0             0             0             0
            0             0             0             0             0
            0             0             0             0             0
            0             0             0             0             0
            0             0             0             0             0
            0             0             0             0             0

# --------- Thu Jul 22 21:34:19 2010

 N 115
 seed -852084380
function evaluations 100
elapsed (CPU) time [s] 0.00
function value f(x)=0.192157
maximal standard deviation 0.0855733
minimal standard deviation 0.0853114
sigma 0.0854299
axisratio 1
xbestever found after 100 evaluations, function value 0.192157
     0.308407      0.226552     0.0178777     0.0402161     0.0470932
     0.558066     -0.299839    -0.0256335      0.196934      0.255599
     0.172623     0.0291832     0.0404827     0.0605455      0.153695
  -0.00221686   -0.00524041    -0.0126464     -0.017291     -0.165496
    -0.126128      0.163435    -0.0254494     -0.108744     -0.186449
    0.0625607   -0.00677678     -0.128885     -0.023159      -0.20971
    0.0976692      0.125922      -0.34118    -0.0225388    -0.0582182
    0.0547502      0.404226    -0.0472983      0.226247     0.0259188
     0.209482      0.344837     0.0146279     -0.204613    0.00434929
     0.128708     0.0792097     0.0599176      0.145222     0.0153407
    -0.323521    -0.0353615      0.092678    -0.0377641    -0.0571258
    0.0610093      -0.12362    -0.0191911     -0.133399     0.0940535
    0.0549323      0.194445    -0.0852701     -0.133002      0.343171
     0.258304     0.0397848    -0.0291787     -0.128182    0.00935515
   -0.0569866     0.0272184      0.323169      0.262216    -0.0231769
   -0.0860094    0.00265654     0.0761425      0.247843      0.049322
    0.0249048      0.100934     0.0915555     0.0487681      0.141229
     0.207087      0.223908      0.226963    -0.0151957    -0.0180082
    0.0370717     0.0611343    -0.0914645     0.0437984    -0.0412861
   -0.0377342     -0.120871     -0.147762     -0.199283     0.0947826
   -0.0778039     0.0763031    -0.0890995     0.0480039     0.0546943
     0.161385     0.0792627     -0.107629     -0.185272     -0.128167
    -0.147461     -0.243106      0.187531      -0.16958      0.229868
xbest (of last generation, function value 0.192157)
     0.308407      0.226552     0.0178777     0.0402161     0.0470932
     0.558066     -0.299839    -0.0256335      0.196934      0.255599
     0.172623     0.0291832     0.0404827     0.0605455      0.153695
  -0.00221686   -0.00524041    -0.0126464     -0.017291     -0.165496
    -0.126128      0.163435    -0.0254494     -0.108744     -0.186449
    0.0625607   -0.00677678     -0.128885     -0.023159      -0.20971
    0.0976692      0.125922      -0.34118    -0.0225388    -0.0582182
    0.0547502      0.404226    -0.0472983      0.226247     0.0259188
     0.209482      0.344837     0.0146279     -0.204613    0.00434929
     0.128708     0.0792097     0.0599176      0.145222     0.0153407
    -0.323521    -0.0353615      0.092678    -0.0377641    -0.0571258
    0.0610093      -0.12362    -0.0191911     -0.133399     0.0940535
    0.0549323      0.194445    -0.0852701     -0.133002      0.343171
     0.258304     0.0397848    -0.0291787     -0.128182    0.00935515
   -0.0569866     0.0272184      0.323169      0.262216    -0.0231769
   -0.0860094    0.00265654     0.0761425      0.247843      0.049322
    0.0249048      0.100934     0.0915555     0.0487681      0.141229
     0.207087      0.223908      0.226963    -0.0151957    -0.0180082
    0.0370717     0.0611343    -0.0914645     0.0437984    -0.0412861
   -0.0377342     -0.120871     -0.147762     -0.199283     0.0947826
   -0.0778039     0.0763031    -0.0890995     0.0480039     0.0546943
     0.161385     0.0792627     -0.107629     -0.185272     -0.128167
    -0.147461     -0.243106      0.187531      -0.16958      0.229868
xmean 
     0.232839      0.126679      0.011852    -0.0660757     0.0336287
     0.316801    -0.0398276    -0.0764193     0.0157863      0.151349
    0.0388114    -0.0514261      0.115434      0.054034      0.127847
    0.0991297     0.0362532     0.0838939    -0.0493774     -0.110282
   -0.0953475      0.108229     0.0482021    -0.0848989     -0.101548
     0.279205     -0.124099    -0.0481947     -0.158297    -0.0447101
    0.0732021       0.17915     -0.100309     0.0130283    -0.0335133
   -0.0508183      0.197831     -0.078068    -0.0786341      0.128023
     0.207409      0.120898    -0.0271711     -0.223801     0.0667749
    0.0312434     -0.010073     0.0192758     0.0336128    -0.0382247
    -0.193247     0.0904938     0.0691253    0.00982929    -0.0246033
   -0.0114541    -0.0971432     0.0268804     -0.142898      0.023666
   -0.0531551     0.0471694     0.0455714    -0.0976956      0.176556
     0.153194    -0.0144756     0.0785342    -0.0529638    0.00883384
    0.0312304     0.0100097      0.262251     0.0760016      0.090688
    0.0583868    -0.0952421     0.0749827     0.0861696   -0.00893753
  -0.00282301     0.0351621     0.0669333   -0.00976697      0.104386
    0.0816404       0.18102    -0.0228178   -0.00558605      0.127997
    0.0732606    0.00385337    -0.0267786   -0.00349157    -0.0206432
    -0.013088    -0.0522576     -0.133786     -0.113858     0.0986664
   -0.0404155      0.132936    -0.0344504   -0.00991708     0.0768568
     0.243209     0.0235192     0.0102999     -0.185316    -0.0420351
    -0.117774     -0.115488     0.0597546     -0.192069      0.146106
Standard deviation of coordinate axes (sigma*sqrt(diag(C)))
    0.0855401     0.0854425     0.0853914     0.0854467     0.0853945
    0.0855018     0.0855464     0.0854094     0.0854072     0.0854058
    0.0854095     0.0853928     0.0854385     0.0854243     0.0854503
    0.0853743     0.0854284      0.085398     0.0854046     0.0854277
    0.0854223     0.0854635     0.0854306     0.0854504     0.0853769
    0.0854438     0.0854109     0.0854372     0.0853707     0.0854859
    0.0854119     0.0854435     0.0854794     0.0854876     0.0853676
    0.0854106     0.0855573      0.085417     0.0855733     0.0854742
    0.0853114     0.0855008     0.0854004     0.0853989     0.0854411
    0.0853834       0.08549     0.0854578     0.0854281     0.0854845
    0.0854067     0.0854429     0.0853662     0.0854013     0.0853502
    0.0854006     0.0853933     0.0854494     0.0853578     0.0854186
    0.0854502     0.0854191     0.0854617     0.0854105     0.0854262
    0.0854897     0.0854164     0.0854237     0.0854625     0.0854372
    0.0854463     0.0854369     0.0854165     0.0854625     0.0854802
    0.0854417     0.0854582     0.0854394     0.0854543     0.0853559
    0.0853404     0.0853731     0.0854247     0.0854086     0.0854107
    0.0854528     0.0853956     0.0855138      0.085336     0.0855042
    0.0853621      0.085426     0.0854284     0.0854344       0.08543
    0.0854322     0.0854049     0.0853914     0.0854014     0.0853975
     0.085369     0.0854023     0.0854131     0.0854713     0.0854071
    0.0853356     0.0853655     0.0854669     0.0853765     0.0853997
    0.0853744     0.0854075     0.0854078      0.085362     0.0854315
Main axis lengths of mutation ellipsoid (sigma*diag(D))
    0.0854299     0.0854299     0.0854299     0.0854299     0.0854299
    0.0854299     0.0854299     0.0854299     0.0854299     0.0854299
    0.0854299     0.0854299     0.0854299     0.0854299     0.0854299
    0.0854299     0.0854299     0.0854299     0.0854299     0.0854299
    0.0854299     0.0854299     0.0854299     0.0854299     0.0854299
    0.0854299     0.0854299     0.0854299     0.0854299     0.0854299
    0.0854299     0.0854299     0.0854299     0.0854299     0.0854299
    0.0854299     0.0854299     0.0854299     0.0854299     0.0854299
    0.0854299     0.0854299     0.0854299     0.0854299     0.0854299
    0.0854299     0.0854299     0.0854299     0.0854299     0.0854299
    0.0854299     0.0854299     0.0854299     0.0854299     0.0854299
    0.0854299     0.0854299     0.0854299     0.0854299     0.0854299
    0.0854299     0.0854299     0.0854299     0.0854299     0.0854299
    0.0854299     0.0854299     0.0854299     0.0854299     0.0854299
    0.0854299     0.0854299     0.0854299     0.0854299     0.0854299
    0.0854299     0.0854299     0.0854299     0.0854299     0.0854299
    0.0854299     0.0854299     0.0854299     0.0854299     0.0854299
    0.0854299     0.0854299     0.0854299     0.0854299     0.0854299
    0.0854299     0.0854299     0.0854299     0.0854299     0.0854299
    0.0854299     0.0854299     0.0854299     0.0854299     0.0854299
    0.0854299     0.0854299     0.0854299     0.0854299     0.0854299
    0.0854299     0.0854299     0.0854299     0.0854299     0.0854299
    0.0854299     0.0854299     0.0854299     0.0854299     0.0854299
Longest axis (b_i where d_ii=max(diag(D))
            1             0             0             0             0
            0             0             0             0             0
            0             0             0             0             0
            0             0             0             0             0
            0             0             0             0             0
            0             0             0             0             0
            0             0             0             0             0
            0             0             0             0             0
            0             0             0             0             0
            0             0             0             0             0
            0             0             0             0             0
            0             0             0             0             0
            0             0             0             0             0
            0             0             0             0             0
            0             0             0             0             0
            0             0             0             0             0
            0             0             0             0             0
            0             0             0             0             0
            0             0             0             0             0
            0             0             0             0             0
            0             0             0             0             0
            0             0             0             0             0
            0             0             0             0             0
Shortest axis (b_i where d_ii=max(diag(D))
            1             0             0             0             0
            0             0             0             0             0
            0             0             0             0             0
            0             0             0             0             0
            0             0             0             0             0
            0             0             0             0             0
            0             0             0             0             0
            0             0             0             0             0
            0             0             0             0             0
            0             0             0             0             0
            0             0             0             0             0
            0             0             0             0             0
            0             0             0             0             0
            0             0             0             0             0
            0             0             0             0             0
            0             0             0             0             0
            0             0             0             0             0
            0             0             0             0             0
            0             0             0             0             0
            0             0             0             0             0
            0             0             0             0             0
            0             0             0             0             0
            0             0             0             0             0

# --------- Thu Jul 22 21:36:18 2010

 N 115
 seed -849028680
function evaluations 100
elapsed (CPU) time [s] 0.00
function value f(x)=0.226081
maximal standard deviation 0.0874125
minimal standard deviation 0.0872022
sigma 0.0872897
axisratio 1
xbestever found after 100 evaluations, function value 0.226081
     0.191658      0.198935     -0.167127     -0.078641   -0.00550073
     0.103689     -0.185624     0.0334658    0.00555741     0.0479727
     0.184829    -0.0278208     -0.318377    0.00335412       0.10465
     0.192567     -0.170518    -0.0216332     0.0270961      0.172219
     -0.14399     -0.234331     -0.181195      0.141288       0.03982
    0.0426468    0.00795169      0.327155    -0.0492711     0.0574472
     0.052721     -0.198938      0.159312     -0.110971    -0.0715481
    0.0855677      0.266598      0.422019    -0.0733995      0.159553
    -0.211804     0.0354765    -0.0735348     0.0762417    -0.0821263
    0.0825864     -0.157021     0.0342713     -0.128341    -0.0234172
     0.210036       0.22459     0.0178989    -0.0210154     0.0835696
     0.162394      0.254794     -0.115514     -0.106857     0.0396368
   -0.0438011    -0.0679551     0.0777592    -0.0916797    -0.0784429
    0.0528674      0.122089    -0.0680067    -0.0704079      0.120538
    0.0821816    -0.0603173     0.0315746    0.00981539     -0.132567
    -0.139596     -0.190609    -0.0245655     -0.046682     -0.152373
    -0.143555     0.0882942      0.184733    -0.0186898     0.0945898
      0.15949     0.0904203      -0.22361      0.221909     0.0011279
  -0.00514018    -0.0174402     0.0297844      0.174108       0.12008
     0.224168     -0.137195      0.170229     0.0822278     0.0962514
     0.334378       0.23905      0.148666     -0.128501     -0.137435
     0.177457     -0.241437    -0.0631642      0.119871     0.0197145
     0.144375      0.099388     -0.106219      0.130309    -0.0997633
xbest (of last generation, function value 0.226081)
     0.191658      0.198935     -0.167127     -0.078641   -0.00550073
     0.103689     -0.185624     0.0334658    0.00555741     0.0479727
     0.184829    -0.0278208     -0.318377    0.00335412       0.10465
     0.192567     -0.170518    -0.0216332     0.0270961      0.172219
     -0.14399     -0.234331     -0.181195      0.141288       0.03982
    0.0426468    0.00795169      0.327155    -0.0492711     0.0574472
     0.052721     -0.198938      0.159312     -0.110971    -0.0715481
    0.0855677      0.266598      0.422019    -0.0733995      0.159553
    -0.211804     0.0354765    -0.0735348     0.0762417    -0.0821263
    0.0825864     -0.157021     0.0342713     -0.128341    -0.0234172
     0.210036       0.22459     0.0178989    -0.0210154     0.0835696
     0.162394      0.254794     -0.115514     -0.106857     0.0396368
   -0.0438011    -0.0679551     0.0777592    -0.0916797    -0.0784429
    0.0528674      0.122089    -0.0680067    -0.0704079      0.120538
    0.0821816    -0.0603173     0.0315746    0.00981539     -0.132567
    -0.139596     -0.190609    -0.0245655     -0.046682     -0.152373
    -0.143555     0.0882942      0.184733    -0.0186898     0.0945898
      0.15949     0.0904203      -0.22361      0.221909     0.0011279
  -0.00514018    -0.0174402     0.0297844      0.174108       0.12008
     0.224168     -0.137195      0.170229     0.0822278     0.0962514
     0.334378       0.23905      0.148666     -0.128501     -0.137435
     0.177457     -0.241437    -0.0631642      0.119871     0.0197145
     0.144375      0.099388     -0.106219      0.130309    -0.0997633
xmean 
     0.235183       0.23131     -0.144548    -0.0726269     0.0112765
     0.129013  -0.000656268   -0.00415948     0.0898915     0.0295412
     0.185417     -0.142476     -0.069303      0.065441    -0.0414735
     0.205065    -0.0973738     0.0483163    0.00883533     0.0876619
    -0.195997    -0.0873214     -0.103987     0.0382542      0.110105
    0.0779395     0.0095173      0.224662     -0.037889     0.0535957
    0.0703969     -0.189637      0.105463    -0.0588221    -0.0124853
     0.199707      0.109431      0.242806     0.0598801      0.135539
   -0.0527209    -0.0329015    -0.0807273     0.0460161   -0.00647936
   -0.0525839    -0.0478134     0.0590973      0.026974      0.121038
    0.0478191      0.121564     0.0112003     -0.024823      0.022642
    0.0521371      0.124728    -0.0132884    -0.0271693     0.0288921
    0.0261091     0.0358724     0.0168183     0.0845566    -0.0579552
   -0.0747223      0.127397    -0.0357155     -0.112602     0.0307217
    0.0671983    -0.0458739    -0.0284535   -0.00606907     -0.151717
    -0.150146     -0.182235     0.0252916     -0.119475       0.11551
    -0.076211     0.0729375     0.0528881      0.100656      0.118488
   -0.0300356      0.108853     -0.233492      0.107581   -0.00565583
    0.0729559     0.0542576     -0.072695     0.0757198    0.00612245
    0.0142723      0.026966      0.067116      0.155069      0.109716
     0.183623      0.157773     0.0909681     -0.157766     -0.050881
    0.0405358    -0.0497659    -0.0781338       0.10708    -0.0254518
     0.122535    -0.0903354     0.0153304      0.144099    -0.0619159
Standard deviation of coordinate axes (sigma*sqrt(diag(C)))
    0.0873424     0.0872933     0.0873297     0.0872329     0.0873576
    0.0872487     0.0873165     0.0873211     0.0872955     0.0873203
    0.0872514      0.087301     0.0873335     0.0872681     0.0873314
    0.0872271     0.0872391     0.0872909     0.0872669     0.0872612
     0.087307     0.0872938     0.0872547     0.0872574      0.087278
    0.0872213     0.0873028     0.0873683     0.0872813     0.0872022
    0.0872572     0.0872463     0.0872871     0.0873094     0.0872471
    0.0872916     0.0873003     0.0873288     0.0872676     0.0872557
    0.0873321     0.0872433     0.0872559     0.0873378     0.0873063
     0.087281     0.0872916     0.0873456     0.0873714     0.0872801
    0.0873383     0.0872832     0.0873051     0.0872316     0.0872326
    0.0872664     0.0873538     0.0872708     0.0872562     0.0872299
    0.0872674     0.0873126     0.0872837     0.0873141     0.0873005
    0.0873241     0.0872483     0.0872722      0.087234     0.0872498
    0.0872744     0.0873496     0.0872857     0.0872023     0.0872614
    0.0872771     0.0873143     0.0873218      0.087388     0.0873604
    0.0873475     0.0873176     0.0873121      0.087309     0.0872727
    0.0873002     0.0872566     0.0873387     0.0872797     0.0872655
     0.087248     0.0872416     0.0872782     0.0872805     0.0873351
    0.0874125     0.0873852     0.0872266     0.0872638     0.0873267
    0.0872877     0.0872844     0.0873424     0.0872221     0.0872635
    0.0873204     0.0873558     0.0872391     0.0872916     0.0872867
    0.0873325     0.0873332     0.0872676     0.0872512     0.0872772
Main axis lengths of mutation ellipsoid (sigma*diag(D))
    0.0872897     0.0872897     0.0872897     0.0872897     0.0872897
    0.0872897     0.0872897     0.0872897     0.0872897     0.0872897
    0.0872897     0.0872897     0.0872897     0.0872897     0.0872897
    0.0872897     0.0872897     0.0872897     0.0872897     0.0872897
    0.0872897     0.0872897     0.0872897     0.0872897     0.0872897
    0.0872897     0.0872897     0.0872897     0.0872897     0.0872897
    0.0872897     0.0872897     0.0872897     0.0872897     0.0872897
    0.0872897     0.0872897     0.0872897     0.0872897     0.0872897
    0.0872897     0.0872897     0.0872897     0.0872897     0.0872897
    0.0872897     0.0872897     0.0872897     0.0872897     0.0872897
    0.0872897     0.0872897     0.0872897     0.0872897     0.0872897
    0.0872897     0.0872897     0.0872897     0.0872897     0.0872897
    0.0872897     0.0872897     0.0872897     0.0872897     0.0872897
    0.0872897     0.0872897     0.0872897     0.0872897     0.0872897
    0.0872897     0.0872897     0.0872897     0.0872897     0.0872897
    0.0872897     0.0872897     0.0872897     0.0872897     0.0872897
    0.0872897     0.0872897     0.0872897     0.0872897     0.0872897
    0.0872897     0.0872897     0.0872897     0.0872897     0.0872897
    0.0872897     0.0872897     0.0872897     0.0872897     0.0872897
    0.0872897     0.0872897     0.0872897     0.0872897     0.0872897
    0.0872897     0.0872897     0.0872897     0.0872897     0.0872897
    0.0872897     0.0872897     0.0872897     0.0872897     0.0872897
    0.0872897     0.0872897     0.0872897     0.0872897     0.0872897
Longest axis (b_i where d_ii=max(diag(D))
            1             0             0             0             0
            0             0             0             0             0
            0             0             0             0             0
            0             0             0             0             0
            0             0             0             0             0
            0             0             0             0             0
            0             0             0             0             0
            0             0             0             0             0
            0             0             0             0             0
            0             0             0             0             0
            0             0             0             0             0
            0             0             0             0             0
            0             0             0             0             0
            0             0             0             0             0
            0             0             0             0             0
            0             0             0             0             0
            0             0             0             0             0
            0             0             0             0             0
            0             0             0             0             0
            0             0             0             0             0
            0             0             0             0             0
            0             0             0             0             0
            0             0             0             0             0
Shortest axis (b_i where d_ii=max(diag(D))
            1             0             0             0             0
            0             0             0             0             0
            0             0             0             0             0
            0             0             0             0             0
            0             0             0             0             0
            0             0             0             0             0
            0             0             0             0             0
            0             0             0             0             0
            0             0             0             0             0
            0             0             0             0             0
            0             0             0             0             0
            0             0             0             0             0
            0             0             0             0             0
            0             0             0             0             0
            0             0             0             0             0
            0             0             0             0             0
            0             0             0             0             0
            0             0             0             0             0
            0             0             0             0             0
            0             0             0             0             0
            0             0             0             0             0
            0             0             0             0             0
            0             0             0             0             0
