
# --------- Thu Jul 22 20:13:12 2010

 N 115
 seed -866937480
function evaluations 10000
elapsed (CPU) time [s] 1543.16
function value f(x)=0.108659
maximal standard deviation 20.5495
minimal standard deviation 19.365
sigma 20.0146
axisratio 1.35718
xbestever found after 8300 evaluations, function value 0.0925672
     -16.7162       78.3591       17.0786       12.7382      -10.6389
      24.6198       5.93011      -15.1182        40.041      -6.77715
      2.77925       8.31812       8.41751        24.167      -21.7434
     -7.40742      -1.92589      -21.3038      -22.3899      -13.6418
    -0.442656      -18.3176       33.3622      -16.3883       32.7537
     -20.1556      -11.2035      -34.5453      -9.98455       7.39913
      27.9891       10.2104      -44.8807       -23.068       54.5546
      11.2875       20.7934       -15.495       14.4654      -32.0484
     -29.4221      -6.38274        24.224      -19.6938       62.2549
      23.2612       2.23448       -20.047      -27.2945      -17.8969
      44.8642       17.8397       58.8797       27.0869       21.1616
      15.0169      -23.5781       26.9297      -12.4018      -13.5979
     -13.3207      -24.7508       7.70605       42.0279       28.1123
      8.26595      -7.40741      -41.7789       5.70826       34.9535
      7.71351      -21.1706      -9.30653       15.8855       28.7708
      24.0715       -25.088       12.5963      -24.3148      -3.87913
      30.9742      -17.8891       4.84175       10.5356      -27.6043
     -5.80601         35.94      -5.35651       21.4451      -15.3033
      24.4343       8.49028       27.2881      -38.9714      -13.9994
     -11.3977      -8.75764      -26.7806      -9.99882       12.7843
      14.7734       8.23596      -11.8409      -15.5424       5.63841
      22.4455      -14.1706       60.9116      -11.7757      -6.29364
      34.3837      -24.3709       -2.3457       26.8768      -34.6792
xbest (of last generation, function value 0.108659)
     -33.7986       74.9665      -14.6563       10.9286       30.4138
      50.5601      -34.1765      -24.3884      -16.2493       -20.585
     -13.6804       16.4025        11.708       18.8449      -1.25645
       14.661      -27.1695      -14.3792      -30.7321      -31.1193
      32.6134      -46.8559       52.6428      -20.9456        10.376
      12.3635       -85.216       8.71748      -15.1021      -6.35153
      44.9017      -1.50943      -73.0592      -52.5667       44.3068
    -0.973562      -27.6668       25.7988       45.7081       43.1514
     -41.7279      -21.2787      -45.9167       1.43159       35.3772
      82.1633      -24.3688       -41.037      -64.6104       13.5775
      45.8016       -10.921       68.5157       56.7354        -3.048
       58.644       14.7425       56.1188      -29.1451      -47.1276
       15.485      0.526764       28.5166       93.1773       24.9357
      23.2083       41.0071      -45.2903      -16.6726       5.18588
       20.062      -37.9183       16.2216       25.1772      -17.4603
      72.5032       -21.482       85.0475      -27.6125       8.77902
      8.86246       9.34602       28.4344       7.93758      -76.5326
     -31.6995       9.27312      -32.9416      -3.17805      -10.1802
      20.1713       34.9112      -10.9945      -13.1086       17.7782
     -45.7424       16.5475       -1.5311      -13.9395      -3.36015
     -1.00699       6.30038      -11.7778      -3.72005       31.6172
      14.3704      -63.3042       49.6812      -33.1345      -25.8478
     -11.0623      -28.0725      0.422309      -6.56971      -50.3071
xmean 
     -1.80995       87.5574      -3.44961       1.10125       6.57994
      46.9855      -4.72415      -15.0585       26.0128      -13.1109
     -6.39627        33.007       15.6203       19.9434      -11.1343
      1.35644      -25.8211      -3.52633       -22.501      -25.2527
      20.0145      -31.5421       66.9853      -17.9784       14.1126
      9.86192      -39.8098      -5.54725       1.75909      -18.6586
      29.2326      0.187551       -57.781      -32.6497       34.2894
       26.107      -12.9384       18.6614       19.6705       19.7955
     -41.5521      -14.0737      -33.5865       9.15898        41.955
      30.9175       -18.322      -38.0943      -56.6733       30.8821
      40.1897      -4.57646       42.1729       39.0151      -20.1746
      47.1433       6.29152       50.7655      -4.63476      -34.8776
     -17.8821      -41.4875         29.69       67.8998        21.613
      14.2406       17.5088      -39.6996       6.74622        10.504
      30.0254      -24.2544       6.93909       33.0058       4.47595
      51.7445      -20.7497       32.7331      -27.7186       3.97417
     -14.1437       10.4211       22.4299       -5.6774      -32.2642
     -27.6669       15.7264       6.91383       7.09248      -10.7588
       18.401       8.08777      -4.56551       13.0303       20.8193
     -28.2726       2.07595      -12.7306      -4.47773       2.64323
     -12.8569       14.2209      -5.25415       10.4135       27.6822
     -2.00425      -46.0364        33.306      -6.28574      -14.7233
     -11.4025      -10.9792       12.7912       26.6483        -46.44
Standard deviation of coordinate axes (sigma*sqrt(diag(C)))
      20.5495       20.0445        19.365       19.4224       19.6545
       19.752       19.8029       19.8107       19.8683       19.6022
       19.748       19.9411       19.7061        19.804       19.6543
      19.7636       19.5608       19.6607       19.6889       19.6961
      19.6874       19.4349       19.7721       19.4645       19.6361
      19.4682       19.6167       19.6884        19.741       19.6096
      19.5782       19.5353       19.7956       19.8009       19.7198
      19.5592       19.7821       19.6014       19.7509       19.7309
      19.6765       19.7398       19.5179       19.8648       19.7013
      19.7547       19.4648       19.7769       19.8799       19.4714
      19.7098       19.8285       19.9655       19.7491       19.6351
      19.7708        19.668       19.6535       19.4689       19.8831
      19.5398       19.7003       19.7545        19.777        19.639
      19.6919       19.5273       19.6986       19.4558       19.6022
      19.5552       19.5508       19.5378       19.7379       19.8617
       19.831       19.7685       19.9661       19.6668       19.5084
      19.6364       19.7347       19.6184       19.5068       19.7038
      19.7817       19.5818       19.7231       19.7302       19.6492
      19.6398        19.823       19.6012       19.9413       19.4637
      19.5738       19.6174       19.6712       19.6802       19.4783
      19.6013       19.8718       19.6638       19.7713       19.7402
      19.4314       19.7845       19.7475       19.6275       19.8256
      19.6053       19.5849       19.4672       19.6547       19.6031
Main axis lengths of mutation ellipsoid (sigma*diag(D))
      25.0088       23.2271       21.3758       21.1281       21.0542
      20.9827       20.9506       20.8408       20.8064       20.7538
      20.6982       20.6691       20.6391       20.5869       20.5562
      20.5374       20.5041       20.4591       20.4537       20.4027
      20.3938       20.3639       20.3139       20.2742       20.2512
       20.222       20.2134       20.1825       20.1747       20.1571
      20.1287       20.0782       20.0497       20.0234       20.0143
      19.9671        19.951       19.9371       19.9111       19.8746
      19.8398       19.8183       19.8004       19.7786       19.7662
      19.7505        19.742       19.7181       19.6889       19.6843
       19.654       19.6439        19.635       19.6096       19.5979
      19.5805       19.5441       19.5368       19.5097        19.489
      19.4698       19.4505       19.4313       19.4004       19.3863
      19.3703       19.3598       19.3392        19.318       19.3035
      19.2772       19.2609       19.2466         19.23       19.2007
      19.1848       19.1754       19.1498       19.1228       19.1119
      19.1066       19.0914       19.0844       19.0647       19.0466
      19.0222       19.0188       19.0011       18.9528       18.9441
      18.9335       18.9159       18.9143       18.8767       18.8668
      18.8346       18.8299       18.8214       18.7909       18.7633
       18.748       18.7362        18.719       18.7095       18.6768
      18.6623       18.6442       18.6351       18.5978        18.588
      18.5755       18.5482       18.5142       18.4934       18.4271
Longest axis (b_i where d_ii=max(diag(D))
     0.296604     -0.224836    -0.0567982    -0.0595163     0.0249871
    -0.165863     0.0050481      -0.01686    -0.0692267     0.0107207
    0.0475206     -0.196889     -0.107139     0.0644699     0.0503059
  -0.00402817     0.0518703    0.00938863     0.0771895      0.138323
    -0.059746      0.115862     -0.231583    -0.0292049    -0.0880585
    -0.079254     0.0966686      0.076222     0.0207066     0.0796975
   -0.0983344    -0.0824849      0.149545     0.0320199    -0.0204139
    -0.010953    -0.0843842    -0.0338613    -0.0349819     0.0425972
    0.0644259    -0.0526783     0.0510883      0.100263    -0.0491793
    -0.113108     0.0602324      0.158136      0.210323    -0.0965314
   -0.0855276     0.0821841     -0.161269    -0.0094699     0.0768678
    -0.115704    -0.0655263    -0.0572044     0.0585904      0.185527
    0.0460425      0.118631     0.0401063     -0.109752    -0.0058476
  -0.00406264    -0.0513089      0.132883    -0.0349903    -0.0523881
  -0.00161326     0.0936225    0.00767754    -0.0414766    -0.0823508
    -0.110944      0.126236      -0.22258     0.0722416      0.025203
   -0.0514474     0.0101012    -0.0994317      0.107319     0.0611838
     0.141697     -0.119637    -0.0193054    -0.0727623     0.0283961
   -0.0599109    -0.0995307    0.00821694       0.10508    -0.0261089
    0.0165813      0.086913   -0.00984901     -0.081284    -0.0235946
    -0.089942    -0.0114212     0.0671536    -0.0921093    -0.0561611
   -0.0472972      0.159518     -0.124809     0.0803306    -0.0639286
    0.0188858     -0.022146      0.047254    -0.0784739     0.0398223
Shortest axis (b_i where d_ii=max(diag(D))
    0.0792956      0.110549      0.283311      0.335676   -0.00940482
    -0.147032    -0.0132639    -0.0618739    -0.0988631   -0.00138167
    0.0767705     0.0166301    -0.0754828    -0.0426726     -0.124497
   -0.0360785      0.144627     -0.068666     0.0590877    -0.0129882
   -0.0193714    -0.0450437    -0.0479747     -0.186626    -0.0590581
     -0.17445    -0.0678698      0.188319    -0.0420901     -0.160005
    0.0678844     0.0652926    -0.0755461    -0.0560682    -0.0523405
   -0.0508627  -0.000669357    -0.0622862     0.0149669    -0.0389135
    0.0575541     0.0140525    -0.0129239      0.123313     0.0922461
    -0.138706     0.0737053     0.0299036     0.0890732     0.0200262
    0.0700079     0.0167796    -0.0100252    -0.0302455     0.0811464
    0.0234067    -0.0192451    -0.0684575      -0.11237     -0.016768
  -0.00561669    -0.0993171     -0.179223     0.0829078     -0.191784
     0.226249     0.0355049     0.0381746     0.0871616    -0.0315114
  -0.00335175      0.195789     0.0370005    0.00293918      0.141138
   -0.0742661    -0.0782981     0.0681062     0.0695222  -0.000313224
    0.0180903    -0.0175923     0.0661125    0.00536852     -0.055635
     0.034319      0.171198    -0.0965821     0.0428308    -0.0453969
    -0.160037    -0.0272558     0.0240295     0.0521301     -0.063976
   0.00527346   -0.00665283     0.0455046     0.0842813     0.0120575
  -0.00173719     0.0513906    -0.0561061     0.0850801    -0.0696017
    0.0856091     0.0717814   -0.00165617     0.0650444    -0.0212815
    -0.213868    -0.0440214     -0.139528     0.0518398     0.0484125

# --------- Thu Jul 22 21:19:18 2010

 N 115
 seed -866378680
function evaluations 1000
elapsed (CPU) time [s] 34.16
function value f(x)=0.128889
maximal standard deviation 0.955549
minimal standard deviation 0.95018
sigma 0.960424
axisratio 1.03575
xbestever found after 1000 evaluations, function value 0.128889
   -0.0266598     -0.661621       3.13981      0.250247       -1.2907
    -0.510862     -0.822387       1.46712      0.514961      0.409438
     0.604723     -0.307306     -0.852112      -1.27934     -0.760617
      1.56543      -1.08885        0.7034       1.64234      0.617816
     -1.26687     -0.203428      -1.78479     -0.127935      0.129604
      1.38293     -0.748301      -1.08746       -1.0375      0.124015
    -0.561136  -6.63936e-05     -0.889916       0.46839     -0.952156
     0.480643     -0.496902       1.87456       1.00654      -0.71347
      1.40102       1.15576       1.27354     -0.727923      -1.91896
     0.396873     -0.220382     -0.952646       2.28693       1.18441
    -0.944356     -0.640145     0.0945635      0.245379      0.407225
     0.210145      0.162076      0.273584       -1.1318      0.357037
     -1.47138       1.53664     -0.694492     0.0290098     -0.815156
      1.12208       1.25079      0.404153    -0.0995636     -0.352067
    -0.450777     -0.722988       -1.0447     -0.225529       1.59928
    0.0551846      -1.45224    -0.0581469       0.76651      0.909857
      1.80978     -0.746535      -0.21676     -0.769894     -0.235212
     0.070629      -1.17724       1.16587     -0.592513       -2.0801
      0.79312      -2.37322    -0.0395195     0.0246715       1.29398
    -0.169538       1.27635      0.952516      0.592632    -0.0913614
    -0.725029       0.78443       1.01323      0.723844     -0.142914
     -1.51555     -0.370427      0.875243      -0.42458       1.42298
     0.672543       1.02833    -0.0999934      -1.38839      0.963246
xbest (of last generation, function value 0.128889)
   -0.0266598     -0.661621       3.13981      0.250247       -1.2907
    -0.510862     -0.822387       1.46712      0.514961      0.409438
     0.604723     -0.307306     -0.852112      -1.27934     -0.760617
      1.56543      -1.08885        0.7034       1.64234      0.617816
     -1.26687     -0.203428      -1.78479     -0.127935      0.129604
      1.38293     -0.748301      -1.08746       -1.0375      0.124015
    -0.561136  -6.63936e-05     -0.889916       0.46839     -0.952156
     0.480643     -0.496902       1.87456       1.00654      -0.71347
      1.40102       1.15576       1.27354     -0.727923      -1.91896
     0.396873     -0.220382     -0.952646       2.28693       1.18441
    -0.944356     -0.640145     0.0945635      0.245379      0.407225
     0.210145      0.162076      0.273584       -1.1318      0.357037
     -1.47138       1.53664     -0.694492     0.0290098     -0.815156
      1.12208       1.25079      0.404153    -0.0995636     -0.352067
    -0.450777     -0.722988       -1.0447     -0.225529       1.59928
    0.0551846      -1.45224    -0.0581469       0.76651      0.909857
      1.80978     -0.746535      -0.21676     -0.769894     -0.235212
     0.070629      -1.17724       1.16587     -0.592513       -2.0801
      0.79312      -2.37322    -0.0395195     0.0246715       1.29398
    -0.169538       1.27635      0.952516      0.592632    -0.0913614
    -0.725029       0.78443       1.01323      0.723844     -0.142914
     -1.51555     -0.370427      0.875243      -0.42458       1.42298
     0.672543       1.02833    -0.0999934      -1.38839      0.963246
xmean 
    -0.982309     -0.447759      0.439794     -0.222943     -0.714006
    -0.106727     -0.388648      0.266664     0.0411271     -0.169935
     0.238176    -0.0631865     -0.435796     -0.293957     -0.369232
     0.468564      0.572822      0.513597      0.503702       0.16865
     0.168954     -0.104311     0.0848262      0.436008     -0.211577
     0.532787     -0.162491     0.0148291     -0.188525      0.563542
    -0.114523     -0.798864      0.119728      0.144348      -0.48585
    -0.115104     -0.318937      0.305105      0.149868     -0.172797
     0.206408      0.552812      0.243279     0.0407037    -0.0967031
   -0.0280619      0.315555      0.036529      0.350785     0.0924621
    -0.472618     -0.167954      0.110923      0.322753     0.0878726
   -0.0325341     -0.170438     -0.371605     -0.146615      0.180484
     0.405796      0.378298      0.152598      0.135419     -0.398713
     0.687834      0.246318     0.0451753      0.276726     -0.038691
     0.248755      0.176111     -0.427579     0.0108898    -0.0821479
    -0.381991     -0.427161     0.0883147      0.214674     0.0539746
     0.654237     0.0330633     0.0737246      0.320088     -0.446005
    -0.175296     -0.396158      0.491848     0.0650464     -0.502851
     -0.11616     -0.480813     -0.178855     -0.204838      0.114058
   0.00765864     0.0223841      0.320652      0.302469      0.216938
     -0.14247      0.276305      0.589229    -0.0665387      0.316027
    0.0628519     0.0655535      0.179374      0.392978     0.0613782
  -0.00635501      0.115039     -0.140628      0.111497     0.0753262
Standard deviation of coordinate axes (sigma*sqrt(diag(C)))
      0.95107      0.951719      0.954329      0.951703      0.953753
      0.95419      0.952378      0.951855      0.951404      0.952558
     0.953271      0.951745      0.953654      0.953428      0.952203
     0.952671      0.954116       0.95152      0.952704      0.952042
     0.953757      0.952287      0.951604      0.954319      0.952847
     0.951643      0.952253       0.95376      0.950944      0.952856
     0.952913      0.954303      0.953724      0.953412      0.953364
     0.952299      0.952082      0.952551      0.954674       0.95238
      0.95211      0.952657      0.952364      0.954338      0.955549
     0.953496       0.95244      0.954774      0.952034      0.951884
     0.954134       0.95239      0.952797      0.952202      0.953733
     0.953382       0.95108      0.954455      0.952635       0.95153
     0.952593      0.953856      0.952576      0.951591      0.950735
     0.952548      0.952198       0.95018      0.952255      0.951886
     0.952984      0.953726      0.950946      0.951208      0.953461
     0.951379      0.952605      0.950649      0.951838      0.954788
     0.953858      0.952264      0.950536      0.953694      0.952628
     0.951588      0.952512      0.952712      0.952759      0.951071
     0.951966      0.952915       0.95141      0.951689      0.954134
     0.952871      0.954513      0.953678      0.950916      0.952884
     0.954043      0.951344      0.951706      0.952678      0.954594
     0.953019      0.951145       0.95291      0.953587        0.9525
      0.95338      0.953203       0.95096      0.953983      0.953977
Main axis lengths of mutation ellipsoid (sigma*diag(D))
     0.979288      0.974907      0.971571      0.970636         0.969
     0.968152      0.966647      0.966266      0.965335      0.964672
      0.96407      0.963333       0.96255      0.961549      0.960924
     0.960599      0.960396      0.959544      0.959454      0.959139
     0.958801      0.958423      0.958081      0.957723      0.957236
     0.956714      0.956609      0.956258      0.956122      0.955808
     0.955587      0.955369      0.955017      0.954677      0.954237
      0.95421       0.95405      0.953816      0.953771      0.953456
     0.953408       0.95307       0.95304      0.952644      0.952396
     0.952258      0.951891      0.951823      0.951688      0.951565
     0.951406      0.951177       0.95109       0.95094      0.950891
     0.950611      0.950565      0.950337       0.95008      0.949985
     0.949901      0.949771      0.949741      0.949511      0.949352
     0.949301       0.94923      0.948996      0.948988      0.948794
     0.948771      0.948684      0.948645      0.948558      0.948389
     0.948331      0.948211      0.948109      0.948082      0.947968
      0.94789      0.947797      0.947704      0.947617      0.947605
     0.947486      0.947422      0.947397      0.947311      0.947258
     0.947102      0.947095      0.947047      0.946929       0.94685
     0.946825      0.946729      0.946711      0.946638      0.946575
     0.946482      0.946418      0.946397      0.946256      0.946196
     0.946154      0.946047      0.946012      0.945989      0.945951
     0.945828       0.94579       0.94564      0.945583      0.945485
Longest axis (b_i where d_ii=max(diag(D))
    0.0143799    -0.0188895     0.0187669     0.0483331     0.0929414
 -0.000213694      0.103706     -0.132039    -0.0202342      0.105773
    -0.110755    -0.0405011    -0.0513781     -0.045223      0.169193
    -0.030665     -0.116543     0.0734014      0.021883    -0.0201579
     0.279913     0.0960865     -0.100668     -0.169956    -0.0765821
    0.0347035     0.0939634     -0.126084    0.00928151    -0.0396155
    -0.129671      0.046236     0.0436641     -0.146304     0.0921123
   -0.0936415     0.0848908    0.00451522    0.00295262    -0.0656066
    -0.107234    -0.0492892     -0.147809     -0.017239    -0.0457474
    -0.103408     0.0743935     -0.200758    -0.0257548    -0.0189825
    0.0647162     0.0468414     0.0540579     -0.088307    -0.0422833
   -0.0288436     0.0489059     0.0179313     0.0966954    -0.0699301
   -0.0771609    0.00390852   -0.00213853    -0.0554812    -0.0799545
   -0.0102856     0.0418841    -0.0414577    -0.0407384    -0.0990945
   -0.0578504     -0.270454     0.0820902    -0.0158989     0.0757324
    0.0586844      0.197758      0.065291    -0.0328949    -0.0523818
  -0.00814629  -0.000211842   -0.00623986     0.0638519     0.0178467
    0.0196645     -0.149807    -0.0627991      0.103017    -0.0256836
   -0.0860569      0.148299     0.0948648    0.00726658     -0.130843
    0.0193849      0.215247     0.0650807    -0.0229428      0.147773
     0.142251     -0.137884     0.0396556     0.0820456      0.185043
    0.0607506     0.0416167    -0.0385037     0.0344476    -0.0880019
    -0.159527    -0.0709104    -0.0100243     -0.216251    0.00679261
Shortest axis (b_i where d_ii=max(diag(D))
    0.0830854      0.112233      -0.16224      0.101836      0.157273
    -0.114766    0.00642494   -0.00440454      0.104204     0.0159803
     -0.06644     0.0246545     -0.102786     0.0511228   -0.00411327
    0.0381459     0.0600659     0.0393294    -0.0889845   0.000605253
    0.0297408      0.047683      0.157927     0.0106472    -0.0325062
    0.0285453    -0.0549614      0.114273      0.107771     0.0376287
    0.0510078     -0.199661     -0.136633     0.0579365     0.0574393
     0.118004     -0.152958     0.0594321    -0.0288236     0.0285989
     0.135368      0.210071    -0.0732741     0.0569953     0.0406934
   -0.0734661    -0.0446524      -0.10682    0.00084677     0.0677455
   -0.0126421        0.1369     0.0184328    -0.0789762     -0.022987
   -0.0365415   -0.00972166    -0.0304873     0.0541259   -0.00811091
     0.243341    -0.0334222    -0.0347622     -0.126822    -0.0827389
   -0.0821154    -0.0594641      0.124615     -0.131416     0.0287499
    0.0764339   -0.00645286      0.210544    -0.0689015  -0.000241449
    0.0595799      0.138855      0.141998      0.110447    -0.0539741
    0.0731262    -0.0129775     0.0407765       0.16419     0.0319918
     0.172955      0.129079    0.00123297      0.111613     0.0854648
    0.0387191     -0.036325     0.0967835      0.147002      0.015345
   -0.0310425    -0.0646545    -0.0968669    -0.0738553      0.111955
     0.117675      0.178696     0.0243882    -0.0683897      0.061938
   -0.0404521     0.0710994      0.027978     0.0689607     0.0372812
     0.210243      0.092126      0.114694     -0.108538     0.0969409

# --------- Thu Jul 22 21:32:34 2010

 N 115
 seed -866298080
function evaluations 1000
elapsed (CPU) time [s] 38.77
function value f(x)=0.143168
maximal standard deviation 0.530081
minimal standard deviation 0.527347
sigma 0.532336
axisratio 1.03792
xbestever found after 700 evaluations, function value 0.13028
    -0.319797     -0.298843      0.551276      0.455079     -0.177689
    -0.566721     -0.252024     -0.571513       0.12895      -0.58668
     0.488442    -0.0422213      0.671834      0.236479        1.0277
    -0.364835     0.0905906       1.19147     -0.805601      0.122737
    -0.694786      0.282925      0.900306     -0.341821   0.000240067
    -0.903648     -0.311224      0.349236      0.313122     -0.119256
     0.177683      0.766647     -0.466749     -0.650985     -0.461392
     0.490466    -0.0820633    -0.0232543     -0.614592     -0.653311
     0.537729   -0.00572736      0.440281     0.0458006     -0.944307
   -0.0253347      0.261261     -0.711562     -0.116822      0.175145
    -0.186144      0.892866      0.495513     -0.182199     -0.401657
    -0.253215     -0.770129      0.310939     -0.100459       0.42433
     0.954479      0.976656       1.06973    -0.0585353      0.168079
     0.567442     -0.379351     0.0199699     0.0810986      -1.59023
     0.835204     0.0473321      0.316418      0.175449    -0.0270243
     0.232914      -0.18715      -1.26013       1.29389     -0.586314
     0.555749    -0.0600155      0.086337     -0.267128     0.0436125
    -0.169017      -1.36576      0.357009      -0.82132      0.647472
     0.551376      -0.33795      0.204817      0.640593     0.0823685
     0.222341      0.025581     0.0606873     -0.384589     -0.101626
     0.208157      -0.20305      0.112062     -0.555663      0.299116
     0.492117      0.623378       1.20412      0.947344     -0.124329
    -0.545743      0.237243      0.564879      0.562969     0.0998241
xbest (of last generation, function value 0.143168)
    0.0483773     0.0125902      0.297835      0.611195     -0.688004
     -1.37801      -1.14678     -0.379646     -0.143753      0.150447
     0.299831      0.284867     -0.479011     0.0315091     -0.369468
     0.344988      0.653755      0.220756     -0.385006      0.556324
    -0.607636     -0.102347      0.816616      0.464729     -0.987275
    0.0225154      0.934839      0.680781     0.0364154     0.0258439
   -0.0755754      0.183999     0.0494209     -0.701196     -0.238665
     0.990365      0.467373     -0.602649      0.384521      0.165003
    -0.319311     -0.787589      0.468491     0.0326753      0.740416
     0.181022      0.378317      -1.27112      0.262986      0.781283
    -0.309138     -0.788278     0.0392537      0.159811      0.211439
     -1.27708      -0.66801     -0.698162      0.611019      0.411028
     0.143562    0.00404617      0.847423     -0.627218    -0.0933939
    -0.186888      0.612107    -0.0201193      0.287102     -0.647639
     -0.41885     0.0951207     0.0822566      0.633475      0.114467
     0.160984      0.107243     -0.410792    -0.0905473     0.0137784
      1.28731     -0.110678     -0.932278     -0.274366      0.634332
    0.0962877       0.49843    0.00258809      -1.35878      0.537709
      1.22898     0.0270916      0.158631      0.276166      0.159349
    0.0548631      0.309215      0.397568     0.0467059     -0.504203
     0.460602     -0.275608      0.312839      0.220784      0.282236
    0.0680199       0.54464      0.413663       1.06065      -0.66152
    -0.164502       1.07631     -0.324267     0.0475652      -1.04917
xmean 
    -0.897917     -0.219366      0.170989      0.299326     -0.480102
    -0.670894     -0.133642    -0.0660714      0.133796     -0.263917
    0.0518272      0.669934      0.174137     0.0365718     -0.123017
     0.314707     -0.146016      0.140252     -0.138127      0.240623
    -0.555271     0.0579067    -0.0584034     0.0720618     -0.500172
    -0.483496      0.284269      0.313834     -0.365605     -0.121262
     0.133964     0.0771408       0.03296     -0.260013     -0.189475
     0.579029   -0.00146081     -0.167004      0.334106     -0.117155
     0.116928     0.0221509      0.485221      0.465121       0.11195
     0.342838      0.543868     -0.520461      0.437954      0.448428
    -0.452543     -0.544634    0.00518174     0.0451165      0.585509
    -0.261091     -0.217742     0.0390048      0.213203     -0.239937
    -0.456896       0.17045      0.175278    -0.0992781    -0.0495792
    -0.161332      0.105988     -0.192856      0.149677     -0.303812
    -0.267409    -0.0259615     -0.195835      0.147201     -0.376301
    -0.207613      0.154968     -0.191138      0.119275      0.128571
     0.470043      0.228418     -0.204759     -0.507616     -0.227693
    0.0871684      0.210188    -0.0590285     -0.255366      0.298884
     0.343944     -0.213553     0.0178763     0.0380805      0.289248
    -0.269487     -0.140733      0.306248     -0.400842     -0.122774
     0.170571     -0.209321      0.318531    -0.0395351       0.28228
     0.300186        0.2475      0.642276      0.263984     -0.341091
    -0.361065      0.376979     0.0226428     0.0842767      -0.43135
Standard deviation of coordinate axes (sigma*sqrt(diag(C)))
     0.528726      0.527918      0.529424      0.528519      0.528649
     0.528988      0.528339      0.528557      0.527387      0.528871
     0.528541      0.528831      0.528467      0.528224      0.528731
     0.528401       0.52928      0.527942      0.528165      0.530037
     0.528075      0.528444      0.529018      0.528762      0.529831
     0.529831      0.528969      0.528044      0.528139      0.528733
     0.528869      0.527781      0.527844      0.529181      0.529221
     0.529018      0.527726       0.52855      0.528171      0.528414
     0.529509      0.528789      0.529251      0.529256      0.528822
      0.52806       0.52834      0.529282      0.529409      0.527879
     0.529014      0.528539      0.527815      0.529218      0.527583
     0.527921      0.528876      0.528088       0.52876      0.528876
     0.529948      0.529194      0.529319      0.528475      0.528349
     0.527958      0.527744      0.528297      0.528864      0.528885
     0.529011      0.528273      0.529029      0.527452      0.528854
     0.527605      0.528217      0.529007      0.527815      0.528409
      0.52787      0.528052      0.529277      0.530081      0.529649
     0.527347      0.528273      0.528728      0.528939       0.52839
     0.528744      0.528943       0.52777      0.529133        0.5284
     0.528463      0.529071       0.52939      0.529097      0.529086
      0.52879      0.528977      0.528334      0.528457      0.528576
     0.528598      0.527841      0.529179      0.529568       0.52922
     0.528678       0.52887      0.527742      0.529175      0.529121
Main axis lengths of mutation ellipsoid (sigma*diag(D))
     0.543975      0.541604      0.539273       0.53892      0.538379
     0.537889      0.537428      0.536976      0.536578      0.535823
     0.535511      0.535004      0.534538      0.534467      0.534198
     0.533797      0.533429      0.533296      0.533158      0.532843
     0.532246       0.53211      0.531856      0.531763      0.531472
      0.53132       0.53118      0.531026      0.530707      0.530599
     0.530442      0.530157      0.530052      0.529803      0.529781
     0.529702       0.52935      0.529224      0.529203      0.529118
     0.529016      0.528882      0.528777      0.528683      0.528571
      0.52845      0.528377      0.528253      0.528122      0.528011
     0.527919      0.527747      0.527635      0.527603      0.527511
     0.527464      0.527357      0.527315      0.527258      0.527156
     0.527124       0.52697      0.526879      0.526833      0.526753
     0.526667      0.526617      0.526566      0.526543      0.526466
     0.526239      0.526229      0.526174      0.526116       0.52607
     0.525982      0.525963      0.525927      0.525813      0.525796
     0.525734      0.525687      0.525657      0.525576      0.525478
     0.525435      0.525395      0.525295      0.525238      0.525216
     0.525168      0.525145      0.525113      0.525078      0.525006
     0.524981      0.524939      0.524914      0.524827      0.524772
     0.524764      0.524709      0.524671      0.524627      0.524586
     0.524542      0.524531      0.524497      0.524461       0.52442
     0.524363      0.524265      0.524193      0.524171      0.524099
Longest axis (b_i where d_ii=max(diag(D))
    -0.025546      0.131454   -0.00110701       0.10216      0.164573
    0.0668964     0.0516307    0.00768796      0.117217    -0.0811361
    0.0426913    -0.0154079     0.0355422    -0.0392869    -0.0625497
    0.0255169      0.171569    -0.0270602    -0.0568652      0.238568
     0.101483   -0.00794863    -0.0761771     -0.134478      0.154776
    0.0503816   -0.00589315     0.0308188     0.0839011      0.140068
   -0.0509728     0.0484279    -0.0840069    -0.0260648      0.044594
    0.0355406    -0.0172855      0.156778     -0.100646     0.0338282
    -0.193444    -0.0639073      0.193526    -0.0102109     -0.214347
   0.00914454     0.0166954     -0.106921     -0.106434   -0.00669675
   -0.0185709     0.0740044      0.084845      0.143264     -0.065081
    0.0181181    -0.0487507     0.0235595     0.0313965    0.00464004
     0.136986    -0.0311534     0.0808627    -0.0566418     0.0619836
    -0.103556     0.0744717     -0.103877     -0.165383     -0.066639
   -0.0176466      0.168557    -0.0850487     0.0203456   -0.00505055
    0.0464152    -0.0741768     -0.140302    -0.0581972    -0.0983039
    -0.111592     -0.116994      0.214663      0.191922    -0.0472089
  -0.00223951    -0.0172035     -0.068621    -0.0499809    -0.0386268
   -0.0339688     0.0366402      -0.10061      0.189444     0.0327613
   -0.0111306      0.114377   -0.00427924     0.0854923     0.0391633
      0.10089      0.025009    -0.0260248     -0.134133     0.0781089
   -0.0411377     -0.163889    -0.0890705      0.114776    -0.0379234
    -0.102999    -0.0585448     0.0510402    -0.0865617      0.121999
Shortest axis (b_i where d_ii=max(diag(D))
   -0.0778709    -0.0126024      0.115861      -0.11045     0.0483231
    0.0159247      0.116217    -0.0474166    -0.0132074   -0.00170216
    0.0951488     -0.219321      0.168509   -0.00301572     0.0284718
    0.0732262      0.241972    0.00484738    -0.0645952      0.154098
  0.000927961    -0.0211088     0.0933806     0.0276495    -0.0211798
    -0.021613    -0.0272685     0.0239119    -0.0762844     0.0180223
    0.0868852    -0.0613333    -0.0435942   -0.00889412     0.0993286
   -0.0532686     0.0290288     0.0103212    -0.0732282     0.0544935
   -0.0191558   -0.00815826     0.0715744     -0.104374    -0.0788811
 -0.000321143    -0.0161532    -0.0315307    0.00720289      0.175754
    0.0658241     0.0700548     -0.197272    -0.0551644     0.0310173
    0.0750237      0.138076    -0.0217032     0.0545759      0.104823
   -0.0279355       0.20649    -0.0231842     0.0300221    -0.0520221
     0.149198     -0.011397      0.120772    -0.0216008    -0.0224942
    0.0358183    -0.0989718    -0.0412805    -0.0704091     0.0122946
    -0.288315     0.0991789    -0.0654617     -0.113033     0.0832886
     -0.17389      0.316521    -0.0402612    -0.0440495     -0.103667
    0.0571929       0.11779     -0.092302     -0.122053     0.0437216
   0.00523025       0.19215   -0.00954362     -0.112419     0.0509676
   -0.0520081      0.062745    -0.0152877     0.0454583      0.101713
   -0.0648078     0.0633354     -0.141359   -0.00960142     0.0469677
   -0.0888335    0.00867372    -0.0314976     0.0439591      0.115677
   -0.0247954     0.0582756     0.0343395     0.0186794      -0.17953

# --------- Thu Jul 22 21:33:17 2010

 N 115
 seed -866290780
function evaluations 500
elapsed (CPU) time [s] 11.96
function value f(x)=0.156892
maximal standard deviation 0.41513
minimal standard deviation 0.413845
sigma 0.416581
axisratio 1.02079
xbestever found after 400 evaluations, function value 0.149325
     0.435419     -0.100684     -0.714508     -0.203787      0.143396
   -0.0614736     -0.432749      0.487378     -0.177098     -0.219401
   -0.0595778    -0.0335387       0.17918     -0.295103     -0.289472
     0.524615      0.272835    -0.0940842      0.433405     0.0357373
     0.363137      0.206105      0.599021      0.273626     -0.381574
     0.436473      0.342897      0.243302      0.461303    -0.0215049
     0.322289      0.136174    -0.0743365     -0.182884     0.0213819
    -0.154234     0.0523961      0.160496      0.331881       0.24371
     -0.37476      0.110773     -0.172479      0.173533      0.608587
    0.0568757     -0.164683      0.312889     -0.167063      0.257446
  0.000445982     -0.290889     -0.288921      0.217398       0.14382
    -0.173073     0.0875981      0.271792    -0.0892728       0.17808
     0.214028     -0.366372     -0.235141     0.0955972     -0.218602
     0.239701      0.122188      0.855827      0.532026     -0.401608
     0.599887     -0.104165     0.0233333     -0.144555      0.158355
    0.0203417      0.203926     0.0499947      0.138345     -0.396317
    -0.345297     -0.292154     -0.033363    0.00255477       0.16485
     0.376891    -0.0322344      -0.23551     0.0736869    -0.0210132
      0.45364      0.219285      0.596869      0.656555      0.082336
    -0.430877      0.144287      0.175581     -0.377481    -0.0325569
      0.25007     0.0215967      0.563306     -0.156807     -0.411148
   -0.0109475      -0.11867      0.118922     -0.158691      0.114088
    -0.143387     0.0803461     0.0640815     -0.509456      0.403979
xbest (of last generation, function value 0.156892)
    0.0211561      0.141702     -0.582972     -0.304377     -0.259698
     0.230492     -0.109137      0.240803     -0.177244      0.407597
    -0.361489      0.248549      0.203335    -0.0773727      0.324087
      0.10525      0.310517     0.0361821      0.194087      0.317763
    -0.132643      0.515939      -0.15853     0.0324402   -0.00206583
     0.333281      0.198966     0.0642502     0.0881295   0.000253306
   -0.0713883      0.401413     -0.130112     0.0321455     -0.225765
   -0.0466981     0.0619515      0.102571    -0.0434436      0.435525
    -0.153607     0.0960521     0.0868194      0.208489     0.0856663
     0.114146     -0.214221      0.214935      0.154327      0.208336
    0.0589833      0.148814      -0.67416     -0.205901      0.136221
    -0.380761      0.383931    -0.0587073      0.335184    -0.0680769
    0.0280343     -0.139957      -0.29778     -0.139761     -0.394416
     0.217298     -0.331051     -0.181113     0.0055314     -0.280173
     -0.13301    -0.0138228      -0.05664      0.233412       0.19351
    0.0336433     0.0250574     -0.306888      0.355897     -0.635009
     0.452958    -0.0887038     0.0582143      0.387167     -0.328545
   -0.0567632     -0.246642     -0.405218      0.228759     -0.204903
     0.080953     -0.229316    -0.0241422     0.0392362     0.0850522
     0.191472     -0.267113    -0.0740423     -0.902644        0.2871
    0.0605917       0.23525     -0.671572       0.14493     -0.340932
   -0.0341954     0.0849446     0.0762366       0.48861    0.00745894
    -0.111861      0.136081      0.501997     -0.297649      0.044953
xmean 
    -0.273942      -0.11088     -0.199811     -0.183173    -0.0460339
     0.189888     -0.170316      0.236631      0.173355     0.0469529
    -0.196957     0.0738711     -0.110684   -0.00187604     0.0446849
     0.191249     0.0335297    0.00330861     0.0327639    -0.0142425
     0.166722       0.25848     0.0288506      0.338845      0.142645
   0.00625566      0.021735     -0.108232      0.132347     0.0286059
    0.0351724      0.089694     0.0507343    0.00187062     0.0710527
   -0.0936558     -0.148931     0.0948647      0.222632      0.109218
    -0.113751      0.180783     -0.103657     -0.125063      0.284971
     0.114168     0.0975968      0.171995     0.0833578     0.0442905
   -0.0210367    -0.0933243     -0.215241     0.0468302     -0.135412
    -0.130954    -0.0937035     0.0957033     0.0690293    -0.0483931
   -0.0374414     -0.151575     -0.108147      0.146369     -0.133924
     0.105996     -0.100413    -0.0626934    -0.0168406     -0.421791
   -0.0510551     -0.192396     0.0121904    -0.0162949      0.170999
   0.00116009    -0.0133076   -0.00790276      0.231858     -0.253513
    0.0194589     -0.109182      0.064617      0.165123     -0.138625
     0.211728     -0.139602       -0.1084      0.112338     -0.022526
     0.181743    -0.0879503    0.00682858      0.124765      0.025192
 -0.000887328     -0.166623      0.117176     -0.224615    -0.0255339
   -0.0879244      0.036348     0.0766194    -0.0373645     -0.114028
    0.0470725     0.0909287      0.075312    -0.0576928    -0.0617061
     0.131932      0.198978    0.00564374     -0.104883      0.186497
Standard deviation of coordinate axes (sigma*sqrt(diag(C)))
     0.414716      0.414132      0.414974      0.414375      0.414202
      0.41397      0.414512      0.414129      0.414512      0.414826
     0.414493      0.414492      0.413881      0.414932      0.414426
     0.414412      0.414529      0.413845      0.414328      0.414007
     0.414142      0.414443      0.414366      0.414661      0.414575
     0.414184      0.414959      0.414177       0.41405      0.414213
     0.414169         0.414      0.413925      0.414263      0.414632
     0.414303      0.414323      0.414072      0.414522      0.414008
     0.413991      0.414325      0.414159      0.414146       0.41466
     0.414197      0.414451      0.414243      0.414217      0.414523
     0.414169      0.414329      0.414497      0.414165       0.41449
     0.414033      0.414578      0.414182      0.414298      0.414424
     0.414252      0.414237      0.414203      0.414086       0.41393
     0.414117      0.414087       0.41513      0.414253      0.414352
     0.414334      0.414525      0.414192      0.414045      0.414002
     0.414226      0.413957      0.414556      0.414354      0.414224
     0.414338      0.414101      0.414675      0.414284      0.414023
     0.413993      0.414113      0.413991      0.414577      0.414665
      0.41448      0.414506      0.414403      0.415068      0.414313
      0.41432      0.414301      0.414058      0.414586      0.414542
     0.414268      0.414068      0.414693      0.414308      0.414334
     0.414575      0.414316      0.414193      0.414251      0.414403
     0.414128      0.414629      0.414231       0.41443      0.414277
Main axis lengths of mutation ellipsoid (sigma*diag(D))
     0.422091      0.421655      0.420287      0.419721       0.41921
     0.418635      0.418425      0.418233      0.417887      0.417502
     0.417428      0.417232      0.416847      0.416812      0.416594
     0.416533      0.416517      0.416308      0.416135      0.415982
     0.415889      0.415803      0.415741      0.415687      0.415635
     0.415532        0.4155      0.415419      0.415394      0.415315
       0.4153      0.415236      0.415189      0.415174      0.415034
      0.41499      0.414935      0.414884      0.414846       0.41483
     0.414795       0.41475      0.414688      0.414675      0.414591
     0.414562      0.414527      0.414494      0.414442      0.414407
       0.4144      0.414384      0.414348      0.414334      0.414302
     0.414253      0.414239      0.414205      0.414183      0.414176
     0.414157      0.414132      0.414118      0.414061       0.41405
     0.414034      0.414015      0.413991       0.41398      0.413947
     0.413944      0.413914      0.413902      0.413874      0.413861
     0.413849      0.413838      0.413832        0.4138      0.413785
     0.413775      0.413767      0.413758      0.413752      0.413735
     0.413726      0.413719      0.413696      0.413687      0.413673
     0.413669      0.413648      0.413645      0.413638      0.413632
     0.413614      0.413611      0.413601      0.413596       0.41359
     0.413578      0.413574      0.413566       0.41356       0.41355
     0.413547       0.41354      0.413534      0.413528      0.413524
     0.413512      0.413509      0.413507      0.413497      0.413493
Longest axis (b_i where d_ii=max(diag(D))
     0.240136    -0.0552783     0.0942108    -0.0779402     0.0423641
   -0.0517323       0.12508     0.0882974   -0.00498514      0.147011
    -0.151298     0.0759702      0.104022       0.11099   0.000107409
    0.0298319     -0.147965    -0.0464851      0.196383     0.0970863
     0.039348     0.0734215      0.107251     0.0220881     -0.217844
     0.182454     0.0149871    -0.0341184       0.10777     -0.056663
    0.0519057    -0.0435545    -0.0628999    -0.0148236     0.0324811
     0.124687      0.026389     0.0230496      0.092411     0.0518292
   -0.0550623     0.0084533    -0.0164054   -0.00301542      0.206101
    0.0248538    -0.0365979     -0.025693     0.0541053     0.0821788
    0.0151236     0.0895671    -0.0722208     0.0334473      0.142813
    0.0426068       0.18563     0.0945569      0.160069      0.189764
    0.0717878    -0.0713993      0.070856    -0.0714653    0.00297933
    0.0469897      0.051354      0.195575      0.131196    -0.0831005
     0.168296    -0.0833205     0.0746313    -0.0548182      0.016007
     0.043147     0.0529465     0.0584206     0.0526594    -0.0502363
    -0.126953     0.0302367     0.0491367    -0.0177812     0.0379289
  0.000209218    -0.0368698     0.0322714     0.0254043      0.015224
     0.130162    -0.0925461      0.122723      0.222271    0.00573123
   -0.0970836    -0.0483896     0.0356113    -0.0948837     -0.152886
    0.0609115     0.0575013      0.116434     0.0535616     -0.151258
   -0.0740848    -0.0294256      0.161061     0.0165379     0.0491049
    0.0252032     0.0648719     0.0106625    -0.0203495     0.0685782
Shortest axis (b_i where d_ii=max(diag(D))
    0.0832999     0.0294542     0.0959038      0.156607      0.197686
   0.00696245    -0.0119967    -0.0215283     0.0602273    -0.0987326
    0.0661969      0.132678     0.0376179     0.0848068     0.0111002
   -0.0386484    -0.0296789     0.0352993      0.116509     -0.036603
   -0.0604575    -0.0275634  -0.000935378      0.010067    0.00468822
    0.0143117     -0.138772    -0.0365396     0.0294915      0.102433
     0.264594     0.0286837     -0.163259     -0.111763      0.151872
    0.0693238      0.128565     -0.179156      0.147802    0.00722415
   -0.0391644     0.0495685    -0.0517384    -0.0837175     -0.056439
     0.172138     0.0178855    0.00171566   -0.00697777     0.0778627
    -0.100251    -0.0145073    -0.0830001     -0.128571    0.00310857
    0.0404612    0.00251236     -0.140779     -0.120714     0.0207562
    0.0679571     -0.108475     -0.138647    -0.0388049     -0.105464
   -0.0790597     0.0131635    -0.0250842   -0.00223433      -0.18893
    0.0467624    -0.0443275     -0.132599     0.0501096    0.00948109
    0.0611698      0.138298    -0.0920429     -0.138629    0.00648805
   -0.0758008     0.0069586    0.00505362     0.0237228     0.0813695
   -0.0988059     -0.130303      0.196636    -0.0151528     0.0242903
   -0.0960807      0.113287     0.0507786     -0.105832     0.0873014
     0.129304     0.0272716     0.0804752     0.0250264     0.0672119
    0.0831267     -0.135667      0.059656     -0.181655      0.184259
    0.0741396    -0.0123497     0.0709565    -0.0580201     0.0456235
    -0.095884      0.161504     0.0154859     0.0754186     -0.130731

# --------- Thu Jul 22 21:34:05 2010

 N 115
 seed -866285880
function evaluations 500
elapsed (CPU) time [s] 11.37
function value f(x)=0.156892
maximal standard deviation 0.435149
minimal standard deviation 0.433533
sigma 0.436507
axisratio 1.02457
xbestever found after 200 evaluations, function value 0.156475
     0.111623      0.121166      0.279257    -0.0893565     0.0221178
     0.151103     -0.223408     -0.298017     -0.136832     0.0294193
     0.129402     -0.138287       0.18768     0.0407435    -0.0985294
    -0.154405  -0.000906724      0.133728     -0.282711     -0.167717
     0.291745    0.00555733      0.376865       0.14456      0.236475
    0.0985377      0.159697     -0.237731     0.0716954     0.0878356
     0.047055     0.0317256     -0.181049     -0.221429      0.256548
    -0.224138      0.251766      0.260775     -0.288706     -0.107415
     0.151283     -0.062212     -0.138894      0.357228     -0.356138
     0.136686     -0.175135     0.0247299    -0.0187303    -0.0520309
     0.242641     0.0604612     0.0902367      0.197245     -0.229112
     0.213667     0.0754682    -0.0366179     -0.113498      0.199948
       0.1911     -0.234643     -0.431795     0.0226914      0.281698
     0.210284     0.0359631    -0.0483818      0.300524      0.247569
     0.166956     0.0565854    -0.0944222      0.291617      0.273341
     0.356677     -0.254215     0.0611159      0.288717      0.156507
    -0.060585    -0.0185282    -0.0727191     -0.126122      0.178209
   -0.0268407      0.472755     -0.358051     -0.186331     0.0947859
   -0.0949343     -0.073657      0.291041      0.159619    -0.0769072
   -0.0508599    -0.0298169      0.313106    -0.0965162    -0.0812176
    0.0687779    -0.0201658     -0.308903     -0.101023     0.0628036
  -0.00637855     -0.224076        0.1377    -0.0104226     -0.108019
   -0.0499131    0.00232319       0.05081     0.0300857    -0.0845612
xbest (of last generation, function value 0.156892)
     -0.21892       0.26999      0.415246      0.138234      0.210596
   -0.0519808      0.189673     0.0748292      0.119232     0.0444856
     0.497603      0.166482     0.0878325      0.172487      0.625119
    0.0169028     0.0468579      0.251168     -0.401261     0.0181833
     0.564552       0.13981     -0.049343      0.460799     -0.158508
     0.444471      0.198597     0.0412307      0.394334     -0.472148
    -0.647359    0.00515038     0.0748155    0.00811101      0.204423
    -0.308369      0.363047    -0.0347742      -0.16312     -0.112088
    -0.174699     -0.170963     -0.136715    -0.0790955     -0.520161
     0.458931     0.0602231     -0.538494    -0.0424343     -0.239376
    0.0342976     0.0430203      0.214907     0.0304879     0.0594558
     0.241203     0.0548874     -0.131957  -0.000265179     -0.501982
     0.210893    -0.0196797      0.236112     0.0406255     -0.254144
      0.22997   -0.00780689     -0.454961     0.0396451      0.348201
     0.223962     -0.077854      0.357455      0.100474      0.167197
    -0.703656      0.325532     -0.490797      0.308442      0.379443
    -0.281566      0.141694      0.227366      0.171787     -0.790913
     0.371358    -0.0522492     -0.298283       0.48824     0.0475646
     0.509107    -0.0091152    0.00610956     -0.265771      0.108767
     0.372807     -0.123883      0.457919     -0.107263      0.372842
    -0.279292    -0.0319276      -0.18967      0.587992      0.112714
     0.368291      0.277971      0.235557     -0.749682      0.408403
     0.223564      0.126757     -0.180521      0.017569      0.220136
xmean 
    -0.094823      0.115231    -0.0403163     0.0224806   -0.00829642
   -0.0192756      0.058557     0.0141163    -0.0219876     0.0515758
     0.182429    -0.0712321     0.0196158    0.00961194       0.13486
   -0.0886184      0.036831    0.00181435    0.00929439     -0.075465
     0.195091    -0.0617072      0.122123     0.0876833       0.11814
     0.153521    -0.0659482     -0.116666     0.0449624     -0.268651
    -0.228522    -0.0770694    -0.0580409     -0.167327      0.101775
    -0.038132       0.35281   -0.00764414     -0.176189      0.091325
   0.00129739    -0.0916013   0.000906423      0.305769     -0.184246
     0.178715    0.00994837   -0.00444973     -0.075279    -0.0168526
   -0.0511747     -0.117821    -0.0431469      0.113189    -0.0335683
     0.110366    -0.0908008     0.0511485     -0.098502    -0.0684059
   -0.0103334     0.0667636    -0.0545205    -0.0609673     0.0608161
    0.0227294      0.214754     -0.048504      0.240458      0.193481
     0.085271    -0.0437207    -0.0923091      0.145403     0.0504739
     0.147824     0.0549126     -0.207209      0.212715      0.292288
    0.0482056      0.104976    -0.0305476     0.0179352     -0.228368
     0.132987     0.0328374     -0.151381    -0.0292195     0.0832703
    0.0229024    -0.0663455      0.147325    0.00163796      -0.10156
    0.0964252     0.0960096      0.328424     -0.102976     0.0843605
   -0.0476151    -0.0256854     -0.107512      0.152428       0.18942
    0.0543071     0.0125603    -0.0108785    -0.0884598    -0.0940631
    0.0490781     0.0142286    -0.0162414    -0.0953484   -0.00165139
Standard deviation of coordinate axes (sigma*sqrt(diag(C)))
     0.434195      0.434359      0.434467      0.433773      0.434173
     0.434142      0.434275      0.434064      0.434095      0.434374
     0.433992      0.434195      0.434196      0.434089      0.434104
     0.433633         0.434      0.433939      0.434427      0.434334
     0.433958       0.43439      0.434321      0.433647      0.433749
     0.434202      0.434439      0.434048      0.433851      0.434653
     0.434017      0.434387      0.434015      0.434143      0.433843
     0.433939      0.434375      0.434218       0.43428      0.434693
     0.434373      0.434566      0.434457      0.433907      0.434114
     0.434285      0.433772      0.433921      0.434103      0.434229
     0.434212      0.433854      0.433533      0.433866      0.434007
     0.433789       0.43423      0.434075      0.434373      0.434443
     0.434228      0.434438      0.434433       0.43416      0.434063
     0.434009      0.434311      0.434104      0.434105      0.434599
     0.433875      0.434198      0.434343      0.433997      0.434154
     0.434452      0.435149      0.434878      0.434781      0.433809
     0.434001      0.433994      0.433922      0.433772      0.434271
     0.434386      0.435115      0.434501      0.434201      0.434226
     0.434506      0.434006      0.434186      0.434208      0.433955
      0.43453      0.434029      0.434158      0.434354      0.434117
     0.434171      0.434434      0.434061      0.434178      0.434496
     0.434289      0.434269      0.434105      0.433748      0.434634
     0.434082      0.433915      0.434369      0.433916      0.434093
Main axis lengths of mutation ellipsoid (sigma*diag(D))
      0.44392      0.442483      0.441256      0.439822       0.43921
     0.438746      0.438655      0.438074      0.437844       0.43781
     0.437608      0.437279      0.437178      0.436674      0.436637
     0.436493      0.436405      0.436286       0.43616      0.436076
     0.435966      0.435799      0.435736      0.435691      0.435616
     0.435543      0.435455      0.435408      0.435319      0.435244
     0.435155      0.435085      0.434993      0.434942      0.434896
     0.434801      0.434755      0.434748      0.434701      0.434655
      0.43464      0.434568      0.434564      0.434487      0.434478
     0.434429      0.434407      0.434319      0.434266      0.434228
     0.434199      0.434138       0.43413      0.434105      0.434074
      0.43405      0.434047      0.434005      0.433989      0.433983
     0.433945      0.433937      0.433892      0.433868      0.433857
     0.433845      0.433822      0.433815      0.433781      0.433752
     0.433738       0.43371       0.43368      0.433677      0.433652
     0.433631      0.433609      0.433598      0.433589      0.433576
     0.433569      0.433553      0.433548      0.433525      0.433514
     0.433505      0.433504      0.433489       0.43347      0.433456
     0.433452      0.433445      0.433433       0.43342      0.433419
     0.433409      0.433404      0.433392      0.433385      0.433373
      0.43337      0.433366      0.433366      0.433357      0.433335
     0.433326      0.433323      0.433319      0.433308      0.433292
     0.433291      0.433291      0.433285      0.433284      0.433275
Longest axis (b_i where d_ii=max(diag(D))
    0.0375172   -0.00873502      -0.16744     0.0167394     0.0385816
   -0.0393493      0.225808      0.131061     0.0658292    0.00329054
   0.00725948    0.00911097     -0.118057    -0.0728662      0.108872
    0.0692903    -0.0359022     -0.060986      0.239583     0.0581359
    -0.075039    -0.0504175      -0.12789    -0.0214724     -0.075796
  -0.00927199     -0.136206      0.130189    -0.0564838    0.00821625
   -0.0311341     -0.106292     0.0259023     0.0691196     -0.122541
     0.091802    -0.0234624     -0.179228      0.144199      0.130476
     -0.10356    -0.0753572      0.084694    -0.0402823     0.0861765
   -0.0192008     0.0916089    -0.0393551     -0.032218    -0.0284175
    -0.119671    -0.0797447    -0.0884207       -0.1083     0.0976066
  -0.00751101    -0.0828493     0.0336526   -0.00688564     -0.209723
    -0.133982      0.179878      0.151944    -0.0512772     -0.105836
   -0.0601821     0.0450495    -0.0178616    -0.0835228      0.039815
    -0.105273    -0.0584872    -0.0700926    -0.0590488     -0.083548
    -0.127743      0.131011    -0.0768447     -0.100096     0.0697614
    0.0786086     0.0507668    0.00588171      0.118981     -0.161335
     0.120353     -0.233484      0.155638     0.0995889    -0.0410919
     0.120729    -0.0339064    -0.0905717    -0.0569045    -0.0224572
     0.079793     0.0837507    -0.0504299    0.00651498      0.078095
   -0.0980093    -0.0736075      0.155399     0.0468016     0.0261254
    0.0936624      0.134979    -0.0209077    -0.0148501     0.0244187
    0.0337832    -0.0128121     0.0168668    -0.0602951    0.00234401
Shortest axis (b_i where d_ii=max(diag(D))
   -0.0334657    0.00494964    -0.0673243     -0.201715    -0.0129668
   -0.0579589     0.0374186    -0.0475464     0.0180129     -0.165176
    0.0191334      0.157245    -0.0858488    -0.0162785     0.0256641
   -0.0348234    -0.0453497    -0.0363663     0.0368062    -0.0124417
     0.177144    -0.0479392    -0.0424426      0.248185   -0.00135306
    0.0344236    0.00522453    -0.0496447     0.0969743     0.0496983
     0.207992      0.073951        0.1272   -0.00480978    -0.0797362
   -0.0708074    -0.0834212     0.0436267    -0.0256571     0.0405043
     0.151162    -0.0071359     -0.042579   -0.00129303    -0.0159742
    -0.153822      0.181942    -0.0436347     -0.245555    -0.0534198
    0.0622693     0.0914549        0.1538     -0.126079    -0.0632019
    0.0363371     0.0533563     0.0545554     0.0413672    -0.0912896
    0.0819932     0.0964375     0.0744445    -0.0392025    -0.0370596
   0.00758019     0.0334731    -0.0388379     -0.190558     -0.024166
   -0.0621284     -0.101353     0.0105781     0.0731603    -0.0416621
    0.0198751      0.112508    -0.0736822     0.0968991    -0.0506801
     0.158097    -0.0350775     0.0677437     0.0110095     0.0933016
    -0.125659     0.0176073     0.0537957   -0.00233632     0.0541291
   -0.0494969     0.0665618      0.180913    -0.0548441     0.0070594
   -0.0765611     -0.045924    -0.0745518    -0.0196537       -0.1792
    -0.176553       0.14137     -0.108434    -0.0237945    -0.0901282
    -0.124398      0.121208     -0.105776     0.0643214     -0.158601
     0.122943       0.15515    -0.0431591    -0.0869393     0.0504068

# --------- Thu Jul 22 21:35:01 2010

 N 115
 seed -866280580
function evaluations 500
elapsed (CPU) time [s] 10.49
function value f(x)=0.156892
maximal standard deviation 0.411008
minimal standard deviation 0.4097
sigma 0.412519
axisratio 1.0098
xbestever found after 100 evaluations, function value 0.156892
      0.14665      0.123294    0.00161087    -0.0652153      0.122572
      0.19933    -0.0299595   -0.00123402     0.0140204    -0.0055022
     -0.12755     -0.105504      0.226431    -0.0172942    -0.0589204
    0.0766457    -0.0904393      0.137788    -0.0662154     0.0168417
    0.0125089     -0.289604     0.0180035    0.00940332    0.00146588
     0.178551    -0.0403725    0.00649027     -0.159131    -0.0997419
    -0.115122        0.1758     -0.083932    -0.0670503    -0.0602384
    0.0918905      0.212066     0.0968165      0.145058      -0.32401
     0.116568     0.0209827    -0.0652059      0.132637     -0.303388
    0.0964485      0.137137       0.24347     -0.175116     0.0110328
   -0.0593147    -0.0765137    -0.0272628     0.0946335      0.158199
   -0.0137735      0.147759    -0.0610898     0.0168339     -0.151606
     0.128505    -0.0336915      0.197298     -0.116729     -0.047986
     0.348765     0.0371148      0.084634     -0.374032       -0.1711
    0.0850841     -0.167315     -0.178122     0.0860686      0.273212
     -0.16763    0.00507917      0.158025     -0.211876     -0.211879
     0.125485     0.0537307      0.175842      0.287834      0.116303
    -0.202634    -0.0723221      0.362933     0.0969392     -0.198514
    -0.117891     -0.105129      0.129785     0.0844426      0.205257
    -0.162554     -0.080214     0.0907883    -0.0683259     -0.191814
     0.280482      0.273014    -0.0522568    -0.0392112      0.137487
      -0.0608     0.0543227     0.0755271     -0.164702     -0.276224
   -0.0867499       0.21691     0.0592221     0.0129685       0.22096
xbest (of last generation, function value 0.156892)
    -0.243182     0.0908355     0.0412943     -0.476126      0.107136
     0.444248      0.462408      0.389994     -0.108945      0.162671
     0.196054     -0.290446      0.971976    -0.0647981     -0.122491
    -0.633064     -0.476084      0.705216      0.151153     -0.667427
     0.104609      0.510499     0.0798892      0.107168      -0.42539
    -0.022653      0.174516     0.0233942     -0.379117     -0.218389
     0.168175     -0.559308     -0.547506    -0.0186381     -0.419566
    -0.157926     -0.116645      0.176133      0.701392      -0.32353
   -0.0315155     -0.821489     -0.784821     -0.179601      0.278454
      0.13987      0.991603      0.188779     -0.558217     -0.324886
    -0.395313      0.140206      0.395042       0.48968        1.0118
     0.638028     -0.174452      -1.03763       0.82307      0.859513
    -0.301552      0.309145      0.251416     -0.306791       1.12678
     0.038056      0.575124      0.505879      -0.84997    -0.0197395
     0.367545      -0.42982     -0.613985      0.598481      0.413777
     0.281272    -0.0549725      -0.63667    -0.0496067    -0.0463637
     -0.58849     -0.454527     -0.482652     -0.149337       1.03802
     -1.37876     -0.340041      0.556388      0.573045     -0.670944
    -0.675449     -0.238204      0.493647     0.0018172       0.15397
     0.131778      0.191565     -0.728788     -0.170085     -0.624372
    -0.212199     0.0647264     -0.439841      0.323352     -0.748494
    -0.178111     -0.893717      -0.48474    -0.0194769      0.107111
    -0.522271     0.0657626     -0.716584      -0.18994     -0.703129
xmean 
   -0.0928733    -0.0603528      0.076994     -0.262458      0.101638
    0.0358995      0.214457      0.198081      0.158292    -0.0577636
    0.0680522     -0.101279      0.277405     -0.208571    -0.0628339
    0.0263458     -0.328119     0.0247851     -0.055301    -0.0410571
    0.0478139    -0.0769991     0.0064117    -0.0318101    -0.0685324
     0.112143    -0.0149516     -0.169106     0.0737505     -0.132082
  -0.00311163    -0.0445226     0.0554825    -0.0379457     -0.091256
     0.184885      0.151101      0.145696      0.263025     -0.198077
     0.100278      0.010398     -0.113331     -0.116328    -0.0831243
      0.01323      0.132019      0.110675     0.0160103     -0.134717
   -0.0231688     0.0389917      0.292354      0.112671      0.223346
  -0.00922572     0.0136199     -0.435122     0.0384433     0.0688287
     0.159891      0.396092      0.196275     0.0321574      0.130567
     0.158891      0.100059     -0.188038     -0.181897     -0.107651
    0.0856186    -0.0693644     -0.345759      0.223214      0.310285
     0.218463     0.0407108    -0.0380193     -0.133701    -0.0282936
    -0.210776     0.0059631     0.0449675      0.220814      0.239638
    -0.217317      0.072003      0.368067     0.0219552   -0.00872617
    -0.237159     -0.298809     0.0839957      0.111569       0.14314
    -0.035883    -0.0226544    -0.0753478    0.00974833     -0.240834
     0.110763      0.308828     -0.081606      0.189283   -0.00429216
    -0.180426    -0.0465786       0.14157     -0.101961     -0.102393
    -0.206248     0.0470946       0.21444    -0.0114719     -0.120123
Standard deviation of coordinate axes (sigma*sqrt(diag(C)))
       0.4098      0.409982      0.410018      0.410451      0.410192
     0.409891      0.410064      0.410526      0.410341      0.410303
     0.410354      0.410002      0.410389      0.410369      0.410099
     0.410339      0.410029      0.410486      0.410567       0.41041
     0.410303      0.410773      0.410053      0.410006      0.409843
     0.410251      0.409985      0.410228      0.410429       0.41034
     0.410272      0.409974      0.410688      0.410231      0.410047
     0.410039      0.410394      0.410229      0.410475      0.410264
     0.410004      0.410256      0.410408      0.410373      0.410388
     0.409929      0.410147      0.410443      0.410079      0.410155
     0.409979      0.410114      0.410012      0.410273      0.410315
      0.41024        0.4097      0.411008      0.410386      0.410162
     0.409801      0.410307      0.410412      0.410398       0.41081
     0.410356      0.409969       0.41001      0.410564      0.410012
     0.410163      0.410573      0.410655      0.410662      0.410154
     0.410277      0.410262      0.409755      0.410328          0.41
     0.410204       0.41003      0.410518      0.410369      0.410366
     0.410518      0.410628      0.410233      0.410627      0.410486
     0.410351       0.41075      0.410544       0.41056      0.410455
     0.410107      0.410035      0.410631      0.409998      0.410571
     0.410951      0.410714      0.410443      0.409991      0.410575
     0.410037      0.410442      0.410558      0.410475      0.410157
     0.410157      0.410332      0.410386       0.41049      0.410882
Main axis lengths of mutation ellipsoid (sigma*diag(D))
      0.41346      0.412989      0.412811      0.412685      0.412463
     0.412273      0.412173      0.412118      0.411988      0.411858
     0.411781      0.411619      0.411602      0.411562      0.411497
      0.41141      0.411302      0.411248      0.411209      0.411189
     0.411109      0.411096      0.410958      0.410925       0.41087
     0.410845      0.410832       0.41076      0.410738      0.410702
     0.410671      0.410653      0.410575      0.410541      0.410495
     0.410454      0.410436      0.410434       0.41039       0.41035
     0.410325      0.410287      0.410274      0.410262      0.410234
     0.410212      0.410196      0.410181      0.410153      0.410131
      0.41012      0.410087      0.410054      0.410034      0.410018
     0.410005      0.409978      0.409971      0.409922      0.409912
     0.409901      0.409897      0.409895      0.409886      0.409851
      0.40984      0.409838      0.409826      0.409807      0.409792
     0.409777      0.409765      0.409762      0.409743      0.409728
     0.409723      0.409707      0.409703      0.409692      0.409682
     0.409677      0.409659      0.409654      0.409642      0.409639
     0.409628      0.409612      0.409601      0.409597      0.409596
     0.409588       0.40958      0.409568      0.409567       0.40956
     0.409551      0.409546      0.409542      0.409537      0.409529
     0.409528      0.409522      0.409515      0.409504        0.4095
     0.409496      0.409489      0.409487      0.409481      0.409477
     0.409468      0.409465       0.40946      0.409457      0.409448
Longest axis (b_i where d_ii=max(diag(D))
    0.0575852     0.0176973      0.102404       0.13381   -0.00772103
   -0.0209342    -0.0374511      -0.12555    0.00457074      0.172833
   -0.0269018    -0.0214818    -0.0210859     0.0188289     -0.179515
     0.139949      0.125277    -0.0230353    -0.0472149    -0.0706913
    0.0267271    -0.0965498     0.0103144      -0.11286     -0.060926
    0.0178516     -0.121837     -0.118038    -0.0207781     -0.111619
   -0.0685802    -0.0673517    -0.0584143    -0.0830225    -0.0849119
    0.0887759    -0.0775843      0.155724     0.0899502      -0.10817
   -0.0441451      0.148839     -0.049748    -0.0790964      0.076456
    0.0150549     0.0740268    -0.0904704     0.0199372     -0.101872
    0.0119955     -0.130836    -0.0349132    -0.0504231     0.0604138
   -0.0126324     0.0220736     0.0104161    -0.0787883     0.0570617
   -0.0927666    -0.0160547    -0.0947589     0.0392492      0.197005
     0.143117     -0.112934     -0.052979     -0.114433     0.0645037
    0.0318329    -0.0189626      0.128141     -0.243219     0.0346098
    0.0886311    -0.0300143    -0.0148835     -0.227783      0.131892
   -0.0628885      0.074224     0.0552461    -0.0539215    -0.0739971
    -0.140311     0.0450717     -0.145515     -0.146759    -0.0109695
   -0.0113309      0.085241    -0.0493811  -0.000792153      0.132805
     0.106319    -0.0315443    -0.0417393    -0.0293642    -0.0149909
    -0.136653     -0.161063   -0.00285914     -0.109116    -0.0396917
   -0.0426204     -0.073649     -0.159284      0.138413      0.133911
    0.0064099      0.127691     -0.195107    -0.0612477     0.0987086
Shortest axis (b_i where d_ii=max(diag(D))
    -0.125711    -0.0746272    -0.0200132   -0.00269568    -0.0276137
    0.0226001     0.0584418     -0.156066    -0.0857213      0.059236
    0.0525876    -0.0268297    -0.0409066     0.0726866     -0.108316
     0.197829     0.0429505     0.0820129     0.0184815    0.00710754
    0.0197391     -0.121962     0.0526783    -0.0306101     0.0765574
     0.103595    -0.0659008      -0.08408    -0.0262224   -0.00568489
   -0.0395564   -0.00258962     -0.211802     0.0193755     0.0633883
   -0.0029452    -0.0208115      0.126514    0.00316446     0.0860214
    0.0432181     0.0635601      0.061544     0.0597374    -0.0995727
     0.149363     0.0315079   -0.00184805    -0.0273745     0.0804458
     0.105315    -0.0347074     0.0970099    -0.0252329    -0.0915558
     0.139583     0.0265151    -0.0010331   -0.00936678    -0.0688178
   -0.0544323    -0.0144968     0.0835057      0.257176     0.0517578
  -0.00658022     0.0470603     -0.133074      0.118217      0.107995
    -0.111475     0.0937631     -0.189828     -0.128653    -0.0107027
   -0.0400187    -0.0175756       -0.1882     0.0202293    -0.0853384
  -0.00594483    -0.0366908     -0.165728    -0.0259687      0.136321
     0.156452    0.00224455    -0.0769809    -0.0173953    -0.0291317
      0.17692    -0.0252034   -0.00737131     -0.205952     -0.194864
   -0.0989451      0.192487      0.056865    -0.0430183    -0.0956936
     0.138961     0.0197925    0.00535104      0.156988     -0.127105
    -0.100275     0.0254532    0.00597037     0.0136832    -0.0212047
   -0.0996481      0.117495     0.0872918      0.085463      0.170342
