# embryo config info: 
# lWidth 33
# lHeight 33
# lNbStates 1
# lNbChemicals 2
# lDiffuseChemicals 1
# lPathTargetPic name twobands9033px|
# lPath ./
# lbDifferentStatesInitialization 0
# oGuiOuput 0
# 1-th pic to read: twobands9033px
# nb steps max: 1024
 # (50,100)-CMA-ES(mu_eff=27.2), Ver="3.02.01.beta", dimension=115, randomSeed=1584280780 (Fri Apr 30 19:08:01 2010)
# Population size: 100
# generation	best fitness 
 best gen: 0 | best fit: 0.973871 | best index: 0
1	0.973871
2	0.973871
 best gen: 2 | best fit: 0.0666698 | best index: 91
3	0.0666698
4	0.084304
5	0.0666698
6	0.0666698
 best gen: 6 | best fit: 0.0639168 | best index: 20
7	0.0639168
8	0.0666698
9	0.0666698
 best gen: 9 | best fit: 0.018368 | best index: 19
10	0.018368
11	0.0666698
12	0.0666698
13	0.0332453
14	0.0225913
15	0.0666698
16	0.0637458
17	0.0185555
18	0.0666698
19	0.0639192
20	0.0253463
21	0.0196526
22	0.0531204
 best gen: 22 | best fit: 0.0128586 | best index: 99
23	0.0128586
24	0.0666698
25	0.0664907
26	0.0465495
27	0.0666698
28	0.0570764
29	0.0198362
30	0.0664921
31	0.0306778
 best gen: 31 | best fit: 0.00881685 | best index: 2
32	0.00881685
33	0.0550006
34	0.0324221
35	0.0531609
36	0.0253468
37	0.0589453
 best gen: 37 | best fit: 0.00679616 | best index: 68
38	0.00679616
39	0.0472297
40	0.0666698
41	0.0500576
42	0.0608482
43	0.0666698
44	0.0626572
45	0.0135951
46	0.0407826
47	0.02553
48	0.0225913
49	0.062925
50	0.00955159
51	0.0514156
52	0.0286548
53	0.0621217
54	0.00734756
55	0.0205764
56	0.039562
57	0.0119389
58	0.0229605
59	0.0323751
60	0.00679632
61	0.0141437
62	0.0309941
63	0.0457206
64	0.00679668
65	0.0225913
66	0.0117555
67	0.00973579
68	0.00771439
69	0.00682789
70	0.0222276
71	0.0508613
72	0.0485186
73	0.00918866
74	0.00679668
75	0.0163509
76	0.0486099
77	0.0374861
78	0.00679668
79	0.0161635
80	0.0422535
81	0.0117555
82	0.00955159
83	0.00771494
84	0.0165316
85	0.00900128
86	0.0113894
87	0.00679668
88	0.0196526
89	0.0112072
90	0.0137763
91	0.00716584
92	0.00790224
93	0.00881846
94	0.0143274
95	0.0474089
96	0.0102869
97	0.01837
98	0.00716789
99	0.012677
100	0.0104709
101	0.00679616
102	0.033844
103	0.0172672
104	0.0172659
105	0.0117555
106	0.0198366
107	0.0428875
108	0.037558
109	0.0520396
110	0.0104923
111	0.0437333
112	0.0119412
113	0.0116061
114	0.0359104
115	0.0134183
116	0.0242646
117	0.044811
118	0.00973861
119	0.0362575
120	0.0307722
121	0.0217938
122	0.0132298
123	0.022961
124	0.0331431
125	0.0430818
126	0.0272345
127	0.0102913
128	0.0333001
129	0.0419168
130	0.0349121
131	0.007165
132	0.0438797
133	0.0242619
134	0.00789806
135	0.0134081
136	0.00827109
137	0.00771515
138	0.0102967
139	0.00991978
140	0.00826648
141	0.0282146
142	0.0130416
143	0.00771644
144	0.0303003
145	0.0218669
146	0.0180204
147	0.0293152
148	0.00919606
149	0.0124948
150	0.0302155
151	0.0352351
152	0.0341368
153	0.0141664
154	0.027106
155	0.0247489
156	0.0323885
157	0.0145433
158	0.0126753
159	0.021725
160	0.0262804
161	0.0156269
162	0.0258388
163	0.00993484
164	0.0171328
165	0.0115815
166	0.0310195
167	0.0185269
168	0.0244965
169	0.0263384
170	0.024678
171	0.0157997
172	0.00790861
173	0.01939
174	0.00955486
175	0.0132323
176	0.00828042
177	0.0274998
178	0.0262462
179	0.00955937
180	0.024458
181	0.0192933
182	0.0101035
183	0.00937154
184	0.0112353
185	0.0242499
186	0.0280945
187	0.0207427
188	0.00900534
189	0.00956251
190	0.0209392
191	0.0267884
192	0.0261989
193	0.0168994
194	0.0307067
195	0.0152466
196	0.0139642
197	0.00936868
198	0.0259084
199	0.0193117
200	0.021943
201	0.0256157
202	0.0165316
203	0.031351
204	0.0181985
205	0.0149306
206	0.011022
207	0.022675
208	0.00901083
209	0.0294493
210	0.0161646
211	0.013593
212	0.0170955
213	0.0167225
214	0.023941
215	0.0110253
216	0.00937443
217	0.0165876
218	0.0240555
219	0.01396
220	0.0213924
221	0.00974206
222	0.0143458
223	0.0138031
224	0.0230032
225	0.0145343
226	0.00827064
227	0.0174688
228	0.0139636
229	0.0272247
230	0.00901804
231	0.017456
232	0.0130419
233	0.0285062
234	0.0187422
235	0.0191054
236	0.0258496
237	0.0231264
238	0.00955445
239	0.00974573
240	0.0141444
241	0.0143295
242	0.0193014
243	0.0252621
244	0.0090157
245	0.0244634
246	0.0197437
247	0.0223069
248	0.0180037
249	0.0148849
250	0.0143274
251	0.0167162
252	0.0101121
253	0.0145114
254	0.0163575
255	0.0172912
256	0.0148872
257	0.0159835
258	0.0222203
259	0.0165312
260	0.0149061
261	0.0285239
262	0.0273909
263	0.01396
264	0.00937929
265	0.0259207
266	0.0119441
267	0.01396
268	0.0132345
269	0.0095521
270	0.0135174
271	0.0260696
272	0.0274888
273	0.0180011
274	0.0184075
275	0.0167196
276	0.0208025
277	0.0176696
278	0.0160829
279	0.018191
280	0.0158235
281	0.0161764
282	0.0191945
283	0.019305
284	0.014698
285	0.0250777
286	0.0119567
287	0.00955238
288	0.0150744
289	0.0235968
290	0.0152755
291	0.0165352
292	0.0181881
293	0.0234395
294	0.0188906
295	0.0195299
296	0.01747
297	0.0198747
298	0.0199328
299	0.0158504
300	0.0163924
301	0.01747
302	0.0149221
303	0.0101032
304	0.0132613
305	0.0163741
306	0.0129
307	0.0147208
308	0.015085
309	0.016651
310	0.0145537
311	0.0151167
312	0.0170447
313	0.0115967
314	0.00938784
315	0.0117903
316	0.0171129
317	0.0112318
318	0.0106838
319	0.0173969
320	0.0135979
321	0.0163977
322	0.0173064
323	0.0171552
324	0.0156192
325	0.0191614
326	0.0123471
327	0.0143846
328	0.0158541
329	0.0138348
330	0.0134401
331	0.0156408
332	0.0130785
333	0.0125095
334	0.0147428
335	0.014001
336	0.013067
337	0.0150862
338	0.0150985
339	0.0110211
340	0.0136216
341	0.0147691
342	0.0138069
343	0.0154595
344	0.0130799
345	0.0122368
346	0.0154892
347	0.0106588
348	0.0103154
349	0.0115809
350	0.0142556
351	0.0115879
352	0.00937672
353	0.0125057
354	0.0103063
355	0.0113999
356	0.00956768
357	0.00938291
358	0.00992766
359	0.0108636
360	0.012516
361	0.00975509
362	0.0125015
363	0.00937929
364	0.0112168
365	0.0130604
366	0.0101251
367	0.011966
368	0.0106989
369	0.0132323
370	0.00993825
371	0.0106599
372	0.00882757
373	0.010296
374	0.00883245
375	0.00992766
376	0.0090102
377	0.00901281
378	0.0099303
379	0.00937929
380	0.00958735
381	0.00900787
382	0.00901351
383	0.0080944
384	0.00863968
385	0.00791674
386	0.0080908
387	0.00863918
388	0.0086549
389	0.00827707
390	0.00864244
391	0.00882888
392	0.00864074
393	0.00901147
394	0.00864429
395	0.00882515
396	0.00808685
397	0.00864699
398	0.00827584
399	0.0091917
400	0.00846746
401	0.00846907
402	0.00900959
403	0.00827972
404	0.00883561
405	0.00882299
406	0.00900681
407	0.00865074
408	0.00845856
409	0.00901724
410	0.00882404
411	0.00865154
412	0.00827837
413	0.00846037
414	0.00827645
415	0.00846101
416	0.00846301
417	0.00864186
418	0.00809314
419	0.0079124
420	0.0086402
421	0.00845915
422	0.00847429
423	0.00846301
424	0.00809931
425	0.00864494
426	0.0088225
427	0.00753864
428	0.00772906
429	0.00827584
430	0.00808972
431	0.00827109
432	0.00810246
433	0.00827584
434	0.00828187
435	0.0080944
436	0.00827468
437	0.00810085
438	0.00827156
439	0.00827357
440	0.00809025
441	0.00827156
442	0.00736167
443	0.00809573
444	0.00809573
445	0.00772774
446	0.007722
447	0.00772412
448	0.007722
449	0.00772774
450	0.00772357
451	0.00790746
452	0.00772303
453	0.00753766
454	0.0077271
455	0.00754504
456	0.00735685
457	0.00754504
458	0.00735685
459	0.00699119
460	0.0073574
461	0.00735477
462	0.00753967
463	0.00735382
464	0.00680316
465	0.00699236
466	0.00698703
467	0.00772303
468	0.00698657
469	0.00735477
470	0.00717292
471	0.00717189
472	0.00680458
473	0.0071709
474	0.00680362
475	0.00735249
476	0.00680316
477	0.00735527
478	0.00700127
479	0.00680508
480	0.00717189
481	0.00735429
482	0.006989
483	0.00716953
484	0.00698799
485	0.00680362
486	0.00698849
487	0.00735336
488	0.00681208
489	0.00698528
490	0.00698703
491	0.00698751
492	0.0069857
493	0.00717292
494	0.00698849
495	0.00698751
496	0.00735336
497	0.00680186
498	0.0069857
499	0.00699062
500	0.00699176
501	0.00699119
502	0.00699007
503	0.00680721
504	0.00680954
505	0.0069857
506	0.00698751
507	0.0069857
508	0.00681078
509	0.00698799
510	0.00698703
511	0.00680612
512	0.0068041
513	0.00680272
514	0.00680362
515	0.00680508
516	0.00680835
517	0.00680272
518	0.00680362
519	0.00680612
520	0.00680316
521	0.00680316
522	0.00680316
523	0.00680362
524	0.00680272
525	0.00680186
526	0.00680272
527	0.00680316
528	0.00680362
529	0.00680362
530	0.00680458
531	0.0068041
532	0.0068041
533	0.00680316
534	0.00680316
535	0.00680362
536	0.00680316
537	0.00680316
538	0.00680612
539	0.00680458
540	0.00680272
541	0.00680508
542	0.00680362
543	0.00680272
544	0.00680362
545	0.00680272
546	0.00680272
547	0.00680272
548	0.00680316
549	0.00680316
550	0.00680362
551	0.0068041
552	0.00680272
553	0.00680316
554	0.00680272
555	0.00680316
556	0.00680272
557	0.00680316
558	0.00680316
559	0.00680362
560	0.00680272
561	0.00680272
562	0.00680186
563	0.00680186
564	0.00680228
565	0.00680272
566	0.00680272
567	0.00680272
568	0.00680186
569	0.00680272
570	0.00680186
571	0.00680272
572	0.00680228
573	0.00680316
574	0.00680272
575	0.00680272
576	0.00680186
577	0.00680186
578	0.00680272
579	0.00680272
580	0.00680228
581	0.00680186
582	0.00680272
583	0.00680272
584	0.00680186
585	0.00680272
586	0.00680272
587	0.00680272
588	0.00680272
589	0.00680228
590	0.00680228
591	0.00680228
592	0.00680186
593	0.00680186
594	0.00680186
595	0.00680228
596	0.00680228
597	0.00680186
598	0.00680186
599	0.00680186
600	0.00680186
601	0.00680186
602	0.00680186
603	0.00680186
604	0.00680186
605	0.00680186
606	0.00680186
607	0.00680186
608	0.00680186
609	0.00680186
610	0.00680186
611	0.00680186
612	0.00680186
613	0.00680186
614	0.00680186
615	0.00680186
616	0.00680186
617	0.00680186
618	0.00680186
619	0.00680186
620	0.00680186
621	0.00680186
622	0.00680186
623	0.00680186
624	0.00680186
625	0.00680186
626	0.00680186
627	0.00680186
628	0.00680186
629	0.00680186
630	0.00680186
631	0.00680186
632	0.00680186
633	0.00680186
634	0.00680186
635	0.00680186
636	0.00680186
637	0.00680186
638	0.00680186
639	0.00680186
640	0.00680186
641	0.00680186
====0.00679522
%% color optimization 
1	0.0177073
2	0.0176111
3	0.0174957
4	0.0175089
5	0.017481
6	0.0174924
7	0.0175149
8	0.0174701
9	0.017486
10	0.0174684
11	0.0174587
12	0.0174158
13	0.0174171
14	0.0174672
15	0.0174401
16	0.0174818
17	0.0174568
18	0.0174316
19	0.0174655
20	0.0174637
21	0.0174654
22	0.0174478
23	0.0174484
24	0.0174468
25	0.0173889
26	0.017474
27	0.0174678
28	0.0174046
29	0.0174214
30	0.0174363
31	0.0174064
32	0.0174291
33	0.0173757
34	0.0173575
35	0.0174089
36	0.0174412
37	0.0174046
38	0.0173994
39	0.0174051
40	0.0173148
41	0.0173833
42	0.0174154
43	0.0174009
44	0.0172682
45	0.017247
46	0.017268
47	0.0172417
48	0.0170836
49	0.0170816
50	0.0169908
51	0.0167255
52	0.0165582
53	0.0162042
54	0.0161024
55	0.0159559
56	0.0157549
57	0.0145555
58	0.0147835
59	0.0139751
60	0.0144137
61	0.0135389
62	0.0128121
63	0.0128608
64	0.0141517
65	0.0129089
66	0.0126605
67	0.0126096
68	0.0132387
69	0.0123311
70	0.0126481
71	0.00966167
72	0.0109004
73	0.0127852
74	0.0119312
75	0.0107796
76	0.0111943
77	0.011743
78	0.0115434
79	0.0100958
80	0.00735986
81	0.00698522
82	0.00599502
83	0.00942094
84	0.00822601
85	0.00917791
86	0.00667993
87	0.00989912
88	0.00453633
89	0.00539409
90	0.00768738
91	0.0103443
92	0.00897621
93	0.00776237
94	0.00928624
95	0.00835372
96	0.00452989
97	0.0094152
98	0.00886416
99	0.00320174
100	0.00954591
101	0.00676411
102	0.00278655
103	0.00547005
104	0.0081553
105	0.0108066
106	0.00231879
107	0.00818239
108	0.00578281
109	0.0104283
110	0.00824573
111	0.00577095
112	0.00769074
113	0.00820741
114	0.00570208
115	0.00619434
116	0.0101218
117	0.0104843
118	0.0102682
119	0.0074938
120	0.0065498
121	0.0059444
122	0.00888616
123	0.00405924
124	0.00893975
125	0.00447156
126	0.00868531
127	0.00948248
128	0.0102777
129	0.00701509
130	0.00456517
131	0.00270648
132	0.00725593
133	0.00478889
134	0.00503922
135	0.0083631
136	0.00835962
137	0.00592554
138	0.00688124
139	0.00946516
140	0.00708336
141	0.00772738
142	0.0036283
143	0.00305077
144	0.00404731
145	0.00569538
146	0.00698886
147	0.00437196
148	0.00433782
149	0.00440255
150	0.00434294
151	0.00798106
152	0.00589052
153	0.00366312
154	0.00737362
155	0.00360363
156	0.00306663
157	0.00423003
158	0.0051559
159	0.00267673
160	0.00368071
161	0.00162553
162	0.003642
163	0.00292338
164	0.00380844
165	0.00454563
166	0.00235419
167	0.00532581
168	0.00243982
169	0.00379986
170	0.00275087
171	0.0027969
172	0.0048293
173	0.00124971
174	0.00343913
175	0.00245566
176	0.00337586
177	0.0042487
178	0.0014523
179	0.003092
180	0.00273344
181	0.00415595
182	0.00347667
183	0.00299595
184	0.00152889
185	0.00173484
186	0.00206371
187	0.00264857
188	0.0021401
189	0.00252571
190	0.00692724
191	0.00583628
192	0.00360063
193	0.00345802
194	0.0021196
195	0.00385459
196	0.00269824
197	0.00279838
198	0.00482102
199	0.00267202
200	0.00539783
201	0.00144815
202	0.00204005
203	0.00312286
204	0.00191962
205	0.0038414
206	0.00254443
207	0.00224362
208	0.00246551
209	0.00122524
210	0.00146498
211	0.00220646
212	0.00246212
213	0.00535598
214	0.00236375
215	0.00172731
216	0.00267171
217	0.00627846
218	0.00180056
219	0.00317954
220	0.00541295
221	0.00253535
222	0.00520892
223	0.00459662
224	0.00331748
225	0.00304779
226	0.0021978
227	0.00167781
228	0.00366227
229	0.00417792
230	0.0026689
231	0.00230723
232	0.00300685
233	0.00264442
234	0.00224408
235	0.00366139
236	0.00144399
237	0.00306617
238	0.0013719
239	0.00300629
240	0.00142265
241	0.00160522
242	0.00180589
243	0.00196669
244	0.00287924
245	0.00298226
246	0.00225623
247	0.00226179
248	0.00300777
249	0.00252555
250	0.00146108
251	0.00170773
252	0.00261394
253	0.00190446
254	0.00183518
255	0.00218374
256	0.00142713
257	0.00285459
258	0.00382194
259	0.00254101
260	0.00224783
261	0.00133594
262	0.001787
263	0.00344078
264	0.00202831
265	0.00209779
266	0.00084642
267	0.0018702
268	0.00147038
269	0.00213873
270	0.00217596
271	0.00391526
272	0.00589821
273	0.00340255
274	0.00375323
275	0.00284151
276	0.00346269
277	0.00454782
278	0.00203201
279	0.00126709
280	0.00181293
281	0.00126603
282	0.00253434
283	0.00275922
284	0.00179942
285	0.00240651
286	0.00215612
287	0.00216808
288	0.00179262
289	0.00163023
290	0.00179405
291	0.00210404
292	0.00198432
293	0.00165324
294	0.00253268
295	0.00184032
296	0.00172568
297	0.00251653
298	0.00189709
299	0.00285089
300	0.00159723
301	0.00156753
302	0.00171624
303	0.00180216
304	0.00222025
305	0.00193669
306	0.0016842
307	0.00136393
308	0.00218734
309	0.00163204
310	0.00136164
311	0.00137697
312	0.00141315
313	0.00169041
314	0.00131421
315	0.0020452
316	0.00167399
317	0.00181733
318	0.00128919
319	0.00115921
320	0.00193127
321	0.00168171
322	0.0022182
323	0.0015609
324	0.00188659
325	0.00169523
326	0.00158654
327	0.0024809
328	0.00135359
329	0.0011003
330	0.000930842
331	0.00104232
332	0.00125871
333	0.00175261
334	0.00132119
335	0.00183822
336	0.00122404
337	0.00152134
338	0.00165213
339	0.00115485
340	0.00176517
341	0.00152575
342	0.00245274
343	0.00125883
344	0.00211569
345	0.00124238
346	0.00122901
347	0.00165774
348	0.00112422
349	0.00129091
350	0.00115129
351	0.00116284
352	0.00107538
353	0.0018433
354	0.00144298
355	0.00125182
356	0.0011757
357	0.00106453
358	0.0010665
359	0.000860873
360	0.000780068
361	0.00118049
362	0.00112971
363	0.0010215
364	0.00109813
365	0.00106174
366	0.00125299
367	0.00107013
368	0.000839271
369	0.000931401
370	0.00097896
371	0.000734374
372	0.000902362
373	0.00105018
374	0.0010037
375	0.000791854
376	0.000949442
377	0.000922932
378	0.00107423
379	0.000875924
380	0.000873551
381	0.000950764
382	0.00106813
383	0.000853254
384	0.000793747
385	0.000732642
386	0.000355793
387	0.000957234
388	0.000781557
389	0.000899048
390	0.000809343
391	0.000659403
392	0.000824923
393	0.000691246
394	0.000710049
395	0.000907188
396	0.000919807
397	0.000914715
398	0.00090817
399	0.000686798
400	0.000729538
401	0.000891201
402	0.000343744
403	0.000829048
404	0.000882219
405	0.000672795
406	0.000587889
407	0.000738974
408	0.000283824
409	0.000566771
410	0.000545993
411	0.000757933
412	0.000311735
413	0.00070429
414	0.000674913
415	0.000555018
416	0.000714729
417	0.000671529
418	0.000678777
419	0.000803808
420	0.000621193
421	0.000648087
422	0.000848675
423	0.000711663
424	0.0006525
425	0.000758411
426	0.000647775
427	0.000632242
428	0.000698377
429	0.000664352
430	0.000769381
431	0.000700883
432	0.000706257
433	0.000657267
434	0.000964359
435	0.000717712
436	0.000806933
437	0.00072241
438	0.000670361
439	0.000971519
440	0.00072651
441	0.000614909
442	0.000841636
443	0.000630293
444	0.000606708
445	0.000582006
446	0.000659214
447	0.000567405
448	0.000588769
449	0.000607998
450	0.000596764
451	0.000642533
452	0.00076453
453	0.000550048
454	0.000635939
455	0.000661894
456	0.000597537
457	0.000625253
458	0.000642523
459	0.000574709
460	0.000581216
461	0.000595393
462	0.000618537
463	0.000623552
464	0.000644278
465	0.000647217
466	0.00058055
467	0.000604686
468	0.000545511
469	0.000597527
470	0.000570539
471	0.000552729
472	0.000613968
473	0.000568472
474	0.000627181
475	0.000603032
476	0.000592326
477	0.000632733
478	0.00058937
479	0.000730314
480	0.000559993
481	0.000605183
482	0.000568418
483	0.000529498
484	0.000640003
485	0.000697531
486	0.000576885
487	0.00068259
488	0.000553677
489	0.000623225
490	0.000615873
491	0.000575699
492	0.000675758
493	0.000632828
494	0.000602875
495	0.000575834
496	0.000581445
497	0.000639905
498	0.000614014
499	0.000565103
500	0.000698602
501	0.000627736
502	0.000601156
503	0.00057044
504	0.000570128
505	0.000585966
506	0.000736821
507	0.000595668
508	0.00059598
509	0.000575551
510	0.000690444
511	0.000615653
512	0.000610546
513	0.000574825
514	0.000571986
515	0.000579481
516	0.000706586
517	0.000577942
518	0.000674056
519	0.00059423
520	0.00052225
521	0.000573512
522	0.00060962
523	0.000613535
524	0.000537321
525	0.000575753
526	0.000562257
527	0.000544619
528	0.000574193
529	0.000593602
530	0.000592276
531	0.000586901
532	0.00055236
533	0.000606932
534	0.000557846
535	0.000531822
536	0.000577358
537	0.000570129
538	0.000558984
539	0.00059341
540	0.000529676
541	0.000580566
542	0.000576656
543	0.000589833
544	0.000588082
545	0.000595376
546	0.000593694
547	0.000543952
548	0.000597085
549	0.000587714
550	0.000555286
551	0.000562169
552	0.000585148
553	0.000557433
554	0.000551343
555	0.00057366
556	0.000596994
557	0.000578039
558	0.000562558
559	0.000539773
560	0.000580276
561	0.00058678
562	0.000538312
563	0.000536786
564	0.000543126
565	0.000652581
566	0.00054159
567	0.000572195
568	0.000651069
569	0.000528666
570	0.000622838
571	0.000578127
572	0.000537771
573	0.000610698
574	0.00057682
575	0.000566816
576	0.000586289
577	0.000560668
578	0.00061167
579	0.000574469
580	0.000545235
581	0.000535387
582	0.000594285
583	0.000600809
584	0.000599926
585	0.000457493
586	0.000597922
587	0.000557005
588	0.000531072
589	0.000630064
590	0.000610096
591	0.000611887
592	0.000589422
593	0.00060273
594	0.000654135
595	0.000532599
596	0.000577144
597	0.000594339
598	0.000643727
599	0.000533117
600	0.000623238
601	0.00056443
602	0.00054384
603	0.000540629
604	0.000551698
605	0.000540436
606	0.000511782
607	0.000567181
608	0.00055335
609	0.00057904
610	0.000544017
611	0.000562651
612	0.000606158
613	0.000539131
614	0.000589792
615	0.000547714
616	0.000603519
617	0.000540818
618	0.000578925
619	0.000591524
620	0.000564973
621	0.000580924
622	0.000561109
623	0.000554072
624	0.000283878
625	0.000547902
626	0.000552085
627	0.000564905
628	0.000539739
629	0.00058907
630	0.000549771
631	0.000542219
632	0.000534204
633	0.000572662
634	0.000575632
635	0.000620121
636	0.000588329
637	0.00055302
638	0.000557406
639	0.000569522
640	0.00054935
641	0.000561477
642	0.000530969
643	0.000529817
644	0.000544692
645	0.000527228
646	0.000553133
647	0.000580633
648	0.000540254
649	0.000531342
650	0.000595011
651	0.000576871
652	0.000529051
653	0.00056323
654	0.000559411
655	0.000555027
656	0.00055768
657	0.000565345
658	0.000534147
659	0.000545732
660	0.000610222
661	0.000516553
662	0.000525404
663	0.000575992
664	0.000643844
665	0.000591725
666	0.000540499
667	0.000600531
668	0.000598988
669	0.000582979
670	0.000549421
671	0.000591195
672	0.000605696
673	0.000621528
674	0.000554585
675	0.000594037
676	0.000610265
677	0.000584453
678	0.000593806
679	0.000586164
680	0.000603575
681	0.000599487
682	0.000577186
683	0.000593505
684	0.00057164
685	0.000592198
686	0.000583623
687	0.000586005
688	0.000641178
689	0.000570587
690	0.000555172
691	0.000578087
692	0.000703942
693	0.000590968
694	0.000606567
695	0.000639344
696	0.000612342
697	0.00062522
698	0.00060418
699	0.000563556
700	0.000592911
701	0.000575418
702	0.000616884
703	0.000600526
704	0.000623375
705	0.000654694
706	0.000190192
707	0.000605393
708	0.000550465
709	0.000516341
710	0.000598328
711	0.000643931
712	0.000659628
713	0.000565086
714	0.000546572
715	0.000586799
716	0.000644505
717	0.000565349
718	0.000631996
719	0.000586142
720	0.000591372
721	0.000614088
722	0.000554184
723	0.000568279
724	0.000614188
725	0.000535061
726	0.000580455
727	0.000564384
728	0.000561912
729	0.000581329
730	0.000580664
731	0.000513869
732	0.000572472
733	0.000577238
734	0.000633936
735	0.000587399
736	0.000613718
737	0.000588442
738	0.0005584
739	0.000552888
740	0.000150093
741	0.000517021
742	0.000565939
743	0.000572261
744	0.000562322
745	0.000583919
746	0.000539234
747	0.000546325
748	0.000571585
749	0.000579762
750	0.00061141
751	0.000576839
752	0.000148861
753	0.000583301
754	0.000568545
755	0.00058228
756	0.000578643
757	0.000535683
758	0.000618201
759	0.000588515
760	0.000539011
761	0.000616015
762	0.00059294
763	0.00055609
764	0.000379738
765	0.000554741
766	0.000509604
767	0.000579186
768	0.000580993
769	0.000538105
770	0.000572966
771	0.000549011
772	0.000584208
773	0.000543319
774	0.000576101
775	0.000518312
776	0.000567164
777	0.00053427
778	0.000521761
779	0.000559612
780	0.000587742
781	0.000541889
782	0.000641868
783	0.000517308
784	0.000552426
785	0.000411332
786	0.000567581
787	0.000526905
788	0.000526425
789	0.000531096
790	0.000553141
791	0.000591234
792	0.00057366
793	0.000537946
794	0.000558707
795	0.00055769
796	0.000529069
797	0.000447714
798	0.000538261
799	0.000537437
800	0.000537217
801	0.000527686
802	0.000515579
803	0.00053102
804	0.000541246
805	0.000552509
806	0.000521923
807	0.000521365
808	0.000527651
809	0.000553544
810	0.00053291
811	0.000508859
812	0.00054987
813	0.000517441
814	0.000565158
815	0.00052074
816	0.000529791
817	0.000528618
818	0.000559155
819	0.000540632
820	0.000555266
821	0.000557166
822	0.000584851
823	0.000536103
824	0.000548813
825	0.000613285
826	0.000581848
827	0.00054348
828	0.000552138
829	0.000525364
830	0.00052903
831	0.000525963
832	0.000533442
833	0.000563717
834	0.000520759
835	0.000531452
836	0.000534027
837	0.000301784
838	0.000507431
839	0.000550592
840	0.000599749
841	0.000523613
842	0.000523699
843	0.000562315
844	0.000586153
845	0.0005309
846	0.00055829
847	0.000531248
848	0.000559397
849	0.000529274
850	0.000529069
851	0.000524921
852	0.000549154
853	0.000339393
854	0.000529461
855	0.000558599
856	0.000564325
857	0.000531456
858	0.000538913
859	0.000579005
860	0.000522378
861	0.000548893
862	0.00051245
863	0.000561287
864	0.000545021
865	0.000540318
866	0.000573033
867	0.000584086
868	0.000536585
869	0.000521586
870	0.000536344
871	0.000541736
872	0.000567031
873	0.000531394
874	0.00052735
875	0.000533132
876	0.000526623
877	0.000522835
878	0.000537281
879	0.000516888
880	0.000555728
881	0.000550899
882	0.000530674
883	0.000520071
884	0.000504323
885	0.000508193
886	0.000538839
887	0.000545359
888	0.000526629
889	0.000559502
890	0.000522964
891	0.000521225
892	0.00051717
893	0.000534467
894	0.000557674
895	0.000556882
896	0.00055893
897	0.000544297
898	0.000548958
899	0.000531269
900	0.000553558
901	0.000523306
902	0.00045999
903	0.000543734
904	0.000534078
905	0.000554758
906	0.000589347
907	0.000533367
908	0.000530322
909	0.000531731
910	0.000533399
911	0.000527294
912	0.00052972
913	0.000515693
914	0.000526526
915	0.000531498
916	0.000521121
917	0.000558521
918	0.000557834
919	0.000527726
920	0.000522874
921	0.000532958
922	0.000522241
923	0.000488186
924	0.000565071
925	0.000518351
926	0.000529589
927	0.000516173
928	0.000529189
929	0.000515682
930	0.000531147
931	0.000521065
932	0.000533882
933	0.000531897
934	0.000532493
935	0.000523281
936	0.000522068
937	0.00050879
938	0.000511846
939	0.000522466
940	0.000526499
941	0.00053221
942	0.000512392
943	0.000508353
944	0.000510795
945	0.000512164
946	0.000512619
947	0.000510464
948	0.000523722
949	0.00052862
950	0.000532105
951	0.000536997
952	0.000529928
953	0.000532672
954	0.000538932
955	0.000518585
956	0.000512723
957	0.000561053
958	0.000526071
959	0.000522682
960	0.00022084
961	0.000537598
962	0.000530888
963	0.000531402
964	0.00051721
965	0.00052023
966	0.000536588
967	0.000519733
968	0.000519534
969	0.000525175
970	0.00051235
971	0.000533623
972	0.000509962
973	0.000518795
974	0.000510529
975	0.000512678
976	0.00051825
977	0.000520504
978	0.000511961
979	0.000514014
980	0.000531055
981	0.000526009
982	0.000516292
983	0.000534051
984	0.000508185
985	0.000512636
986	0.00052283
987	0.000518816
988	0.000523055
989	0.000170761
990	0.00051287
991	0.000519066
992	0.00051508
993	0.000520142
994	0.000527311
995	0.000508807
996	0.000511413
997	0.000530844
998	0.00051256
999	0.000529295
1000	0.000526409
