# embryo config info: 
# lWidth 32
# lHeight 32
# lNbStates 2
# lNbChemicals 3
# lDiffuseChemicals 1
# lPathTargetPic name swissflagBW|
# lPath ./
# lbDifferentStatesInitialization 0
# oGuiOuput 0
# 1-th pic to read: swissflagBW
# nb steps max: 512
 # (50,100)-CMA-ES(mu_eff=27.2), Ver="3.02.01.beta", dimension=177, randomSeed=-894542480 (Mon Jul 19 15:04:24 2010)
# Population size: 100
# generation	best fitness 
 best gen: 0 | best fit: 0.156892 | best index: 99
1	0.156892
 best gen: 1 | best fit: 0.156892 | best index: 99
2	0.156892
 best gen: 2 | best fit: 0.156892 | best index: 99
3	0.156892
 best gen: 3 | best fit: 0.156892 | best index: 99
4	0.156892
 best gen: 4 | best fit: 0.135811 | best index: 54
5	0.135811
6	0.156892
7	0.142211
8	0.142682
9	0.156892
10	0.149579
11	0.156452
 best gen: 11 | best fit: 0.120175 | best index: 98
12	0.120175
13	0.138299
14	0.14312
15	0.156892
16	0.156452
17	0.156807
18	0.137614
19	0.154801
20	0.150016
21	0.150027
22	0.156892
23	0.125211
24	0.133172
25	0.139517
26	0.131177
27	0.148686
28	0.143659
29	0.148213
30	0.151036
31	0.134615
32	0.140314
33	0.142723
34	0.139949
35	0.14312
36	0.149579
37	0.15606
38	0.13262
39	0.1482
40	0.138599
41	0.142756
42	0.142682
43	0.13811
44	0.14451
45	0.149622
46	0.122487
47	0.143234
48	0.149556
49	0.136717
50	0.139705
51	0.143602
52	0.147049
53	0.133051
54	0.149556
55	0.141959
56	0.136225
57	0.141453
58	0.143142
 best gen: 58 | best fit: 0.116995 | best index: 68
59	0.116995
60	0.14266
61	0.149567
62	0.135786
63	0.13216
64	0.140396
65	0.12756
66	0.14266
 best gen: 66 | best fit: 0.111935 | best index: 5
67	0.111935
68	0.131328
69	0.138097
70	0.122463
71	0.1191
72	0.125751
73	0.122463
74	0.133958
75	0.126142
76	0.115142
77	0.13175
78	0.123832
79	0.116535
 best gen: 79 | best fit: 0.110039 | best index: 37
80	0.110039
81	0.117405
82	0.122003
83	0.119716
 best gen: 83 | best fit: 0.10684 | best index: 74
84	0.10684
85	0.123832
86	0.127086
87	0.115577
88	0.108659
 best gen: 88 | best fit: 0.10636 | best index: 98
89	0.10636
 best gen: 89 | best fit: 0.102701 | best index: 1
90	0.102701
91	0.10637
92	0.112818
93	0.10637
94	0.103621
95	0.10636
 best gen: 95 | best fit: 0.101828 | best index: 3
96	0.101828
97	0.108209
98	0.10636
99	0.10636
100	0.104061
101	0.103952
 best gen: 101 | best fit: 0.0925672 | best index: 26
102	0.0925672
103	0.101978
104	0.0925753
105	0.103621
106	0.100872
107	0.0991093
108	0.100392
109	0.101381
110	0.0985623
 best gen: 110 | best fit: 0.0921155 | best index: 58
111	0.0921155
112	0.100392
113	0.0934868
114	0.0923603
115	0.0939949
116	0.0931178
117	0.10592
 best gen: 117 | best fit: 0.0921155 | best index: 42
118	0.0921155
 best gen: 118 | best fit: 0.0888968 | best index: 83
119	0.0888968
120	0.0898086
121	0.0925672
 best gen: 121 | best fit: 0.0875174 | best index: 69
122	0.0875174
123	0.0889243
124	0.0925672
125	0.0898086
126	0.0921074
127	0.0898086
128	0.0904966
129	0.089825
130	0.0879695
131	0.0925672
132	0.0925672
133	0.0916557
134	0.0926039
135	0.0921155
136	0.0921155
137	0.0908855
 best gen: 137 | best fit: 0.0875174 | best index: 66
138	0.0875174
139	0.0925672
 best gen: 139 | best fit: 0.0875174 | best index: 50
140	0.0875174
141	0.0916477
142	0.0913298
143	0.091214
144	0.0889145
145	0.0889836
146	0.0908247
147	0.0898343
148	0.0909976
149	0.0898781
150	0.0907541
 best gen: 150 | best fit: 0.0862355 | best index: 29
151	0.0862355
152	0.0893567
153	0.0895038
154	0.0904594
155	0.0876616
 best gen: 155 | best fit: 0.0819925 | best index: 14
156	0.0819925
157	0.0878485
 best gen: 157 | best fit: 0.0815327 | best index: 56
158	0.0815327
159	0.0824523
160	0.0871173
161	0.0870576
162	0.0819925
 best gen: 162 | best fit: 0.0815327 | best index: 24
163	0.0815327
164	0.0824523
165	0.0824523
166	0.0819925
 best gen: 166 | best fit: 0.0815327 | best index: 74
167	0.0815327
 best gen: 167 | best fit: 0.0815327 | best index: 40
168	0.0815327
169	0.0819925
 best gen: 169 | best fit: 0.0815327 | best index: 85
170	0.0815327
 best gen: 170 | best fit: 0.0787741 | best index: 6
171	0.0787741
172	0.0815327
173	0.0824523
174	0.0815327
175	0.0819925
176	0.0815327
177	0.0815327
178	0.0815327
179	0.0819925
180	0.0815327
181	0.0798543
182	0.0815327
183	0.0815327
184	0.0815327
185	0.0815327
186	0.0815327
187	0.0815327
188	0.0815327
189	0.0815327
190	0.0815327
191	0.0815327
192	0.0815327
193	0.0815327
194	0.0815327
195	0.0815327
196	0.0815327
197	0.0815327
198	0.0815327
199	0.0815327
200	0.0815327
201	0.0815327
202	0.0815327
203	0.0815327
204	0.0815327
205	0.0815327
206	0.0815327
207	0.0815327
208	0.0815327
209	0.0815327
210	0.0815327
211	0.0815327
212	0.0815327
213	0.0815327
214	0.0815327
 best gen: 214 | best fit: 0.0762241 | best index: 72
215	0.0762241
216	0.0815327
217	0.0815327
218	0.0815327
219	0.0815327
220	0.0815327
221	0.0815327
222	0.0815327
223	0.0815327
224	0.0810729
225	0.0815327
226	0.0815327
227	0.0815327
228	0.0815327
229	0.0815327
230	0.0815327
231	0.0773948
232	0.0815327
233	0.0815327
234	0.0815327
235	0.0815327
236	0.0815327
237	0.0815327
238	0.0815327
239	0.0815327
240	0.0815327
241	0.0815327
242	0.0815327
243	0.0815327
244	0.0815327
245	0.0815327
246	0.0815327
247	0.0815327
248	0.0815327
249	0.0815327
250	0.0810801
251	0.0815327
252	0.0815327
253	0.076935
254	0.0815327
255	0.0763923
256	0.0774255
257	0.0810801
258	0.0815327
259	0.0815327
260	0.0810729
261	0.0815327
262	0.0815327
263	0.0815327
264	0.0815327
265	0.076935
266	0.0815327
267	0.0815327
268	0.0815327
269	0.0815327
270	0.0815327
271	0.0815327
272	0.0815327
273	0.0815327
274	0.0815327
275	0.0815327
276	0.0815327
277	0.0815327
278	0.0801681
279	0.0815327
280	0.0815327
281	0.0815327
282	0.0810729
283	0.0815327
284	0.0815327
285	0.0815327
286	0.0815327
287	0.0815327
288	0.0815327
289	0.0815327
290	0.0815327
291	0.0815327
292	0.0815327
293	0.0815327
294	0.0815327
295	0.0815327
296	0.0815327
297	0.0783212
298	0.0815327
299	0.0800956
300	0.0815327
301	0.0815327
302	0.0815327
303	0.0815301
304	0.0815327
305	0.0815327
306	0.0810878
307	0.0774169
308	0.0815327
309	0.0815327
310	0.0810801
311	0.0815327
312	0.0806441
313	0.076935
314	0.076935
315	0.0815327
316	0.0810801
317	0.0815327
318	0.0815327
319	0.0810729
320	0.076935
321	0.076935
322	0.0792339
323	0.0801852
324	0.076935
325	0.0815327
326	0.076935
327	0.076935
328	0.0815327
329	0.0806989
330	0.0815327
331	0.076935
332	0.0815327
333	0.0811471
334	0.0806202
335	0.0810801
336	0.076935
337	0.0811249
338	0.076935
339	0.076935
340	0.076935
341	0.0806202
342	0.076935
343	0.0788702
344	0.0806202
345	0.076935
346	0.076935
347	0.0774346
348	0.0806202
349	0.076935
 best gen: 349 | best fit: 0.0756142 | best index: 41
350	0.0756142
351	0.076935
352	0.076935
353	0.076935
354	0.076935
355	0.076935
356	0.076935
357	0.076935
358	0.076935
359	0.076935
360	0.076935
361	0.076935
 best gen: 361 | best fit: 0.0715983 | best index: 54
362	0.0715983
363	0.076935
364	0.076935
365	0.0757631
366	0.076935
367	0.0733976
368	0.076935
369	0.076935
370	0.072358
371	0.076935
372	0.076935
373	0.076935
374	0.076935
375	0.076935
376	0.0767972
377	0.076935
378	0.076935
379	0.076935
380	0.076935
381	0.076935
382	0.0724904
383	0.0725202
384	0.076935
385	0.0756479
 best gen: 385 | best fit: 0.0706764 | best index: 48
386	0.0706764
387	0.0729811
 best gen: 387 | best fit: 0.0703785 | best index: 54
388	0.0703785
389	0.076935
390	0.076935
391	0.073585
392	0.076935
393	0.076935
394	0.076935
395	0.076935
396	0.076935
397	0.076935
398	0.076935
399	0.076935
400	0.076935
401	0.076935
402	0.076935
403	0.076935
404	0.076935
405	0.072505
406	0.076935
407	0.076935
408	0.076935
409	0.076935
410	0.076935
411	0.076935
412	0.0711687
413	0.076935
414	0.076935
415	0.076935
416	0.076935
417	0.0744318
418	0.076935
419	0.076935
420	0.076935
421	0.076935
422	0.076935
423	0.076935
424	0.0742774
425	0.076935
426	0.0723373
427	0.0756868
428	0.0758355
429	0.076935
430	0.076935
431	0.076935
432	0.0725202
433	0.0725202
434	0.076935
 best gen: 434 | best fit: 0.0685183 | best index: 72
435	0.0685183
436	0.076935
437	0.076935
438	0.076935
439	0.076935
440	0.076935
441	0.076935
442	0.076935
443	0.076935
444	0.076935
445	0.076935
446	0.076935
447	0.076935
448	0.076935
449	0.076935
450	0.076935
451	0.076935
452	0.076935
453	0.076935
454	0.076935
455	0.076935
456	0.076935
457	0.076935
458	0.0741829
459	0.076935
460	0.0720592
461	0.0758737
462	0.076935
463	0.076935
464	0.076935
465	0.076935
466	0.076935
467	0.076935
468	0.076935
469	0.076935
470	0.076935
471	0.0694676
472	0.076935
473	0.076935
474	0.076935
475	0.076935
476	0.076935
477	0.076935
478	0.0756248
479	0.076935
480	0.076935
481	0.076935
482	0.076935
483	0.076935
484	0.076935
485	0.076935
486	0.076935
487	0.0766686
488	0.0756142
489	0.076935
490	0.076935
491	0.0720122
492	0.076935
493	0.076935
494	0.0724904
495	0.076935
496	0.076935
497	0.076935
498	0.076935
499	0.076935
500	0.076935
501	0.076935
502	0.076935
503	0.076935
504	0.076935
505	0.076935
506	0.0764752
507	0.076935
508	0.076935
509	0.0752262
510	0.076935
511	0.076935
512	0.076935
513	0.0689545
514	0.076935
515	0.076935
516	0.076935
517	0.076935
518	0.0728035
519	0.076935
520	0.0723511
521	0.076935
522	0.076935
523	0.0728035
524	0.076935
525	0.076935
526	0.076935
527	0.076935
528	0.076935
529	0.076935
530	0.076935
531	0.076935
532	0.076935
533	0.076935
534	0.076935
535	0.076935
536	0.076935
537	0.076935
538	0.076935
539	0.0728035
540	0.076935
541	0.076935
542	0.076935
543	0.0768179
544	0.076738
545	0.076935
546	0.0743483
547	0.076935
548	0.076935
549	0.076935
550	0.076935
551	0.076935
552	0.076935
553	0.076935
554	0.076935
555	0.076935
556	0.076935
557	0.0758942
558	0.0690463
559	0.0749503
560	0.076935
561	0.0738186
562	0.076935
563	0.076935
564	0.076935
565	0.076935
566	0.076935
567	0.076935
568	0.0743483
569	0.076935
570	0.076935
571	0.076935
572	0.076935
573	0.076935
574	0.076935
575	0.076935
576	0.076935
577	0.076935
578	0.0756868
579	0.076935
580	0.076935
581	0.0723505
582	0.0749669
583	0.076935
584	0.076935
585	0.076935
586	0.076935
587	0.076935
588	0.076935
589	0.076935
590	0.0729511
591	0.0724763
592	0.076935
593	0.072505
594	0.0763086
595	0.0705231
596	0.076935
597	0.0743967
598	0.076935
599	0.0760294
600	0.0765344
601	0.076935
602	0.0725202
603	0.076935
604	0.076935
605	0.076935
606	0.0761473
607	0.076935
608	0.076935
609	0.0729511
610	0.0725202
611	0.076935
612	0.076935
613	0.076935
614	0.076935
615	0.076935
616	0.076935
617	0.076935
618	0.076935
619	0.076935
620	0.076935
621	0.076935
622	0.076935
623	0.076935
624	0.076935
625	0.076935
626	0.076935
627	0.076935
628	0.076935
629	0.076935
630	0.076935
631	0.0764819
632	0.076935
633	0.076935
634	0.0755426
635	0.076935
636	0.076935
637	0.0724763
638	0.076935
639	0.076935
640	0.0724904
641	0.076935
642	0.076935
643	0.076935
644	0.076935
645	0.076935
646	0.076935
647	0.0750801
648	0.076935
649	0.0765452
650	0.076935
651	0.0725359
652	0.0724904
653	0.076935
654	0.076935
655	0.0767946
656	0.072505
657	0.0724763
658	0.073919
659	0.0724763
660	0.0719863
661	0.0724763
662	0.0724763
 best gen: 662 | best fit: 0.0678966 | best index: 64
663	0.0678966
664	0.0724763
665	0.0724763
666	0.0708161
667	0.0707409
668	0.076935
669	0.072505
670	0.076935
671	0.076935
672	0.0752548
673	0.076935
674	0.0757977
675	0.0724904
676	0.076935
677	0.076935
678	0.076935
679	0.076935
680	0.0728035
681	0.076935
682	0.076935
683	0.0729511
684	0.076935
685	0.076935
686	0.0766763
687	0.0724904
688	0.0747941
689	0.0679408
690	0.0702366
691	0.0702008
692	0.0724763
693	0.0724763
694	0.0724904
695	0.0724763
696	0.0724904
697	0.0724904
698	0.0702008
699	0.0724904
700	0.0712023
701	0.076935
702	0.0724904
703	0.0737377
704	0.0724763
705	0.0743639
706	0.076935
707	0.0724904
708	0.0724763
709	0.0756156
710	0.0723373
711	0.0691115
712	0.0729658
 best gen: 712 | best fit: 0.0673762 | best index: 57
713	0.0673762
714	0.0724763
715	0.0724763
716	0.0724904
717	0.0738583
718	0.0724763
719	0.0715326
720	0.0724763
721	0.076935
722	0.076935
723	0.072505
724	0.0675812
725	0.076935
726	0.076935
727	0.0678966
728	0.0708141
729	0.072505
730	0.07438
731	0.076935
732	0.076935
733	0.0678966
734	0.076935
735	0.0740692
736	0.076935
737	0.076935
738	0.0767575
739	0.076935
740	0.076935
741	0.076935
742	0.076935
743	0.076935
744	0.0765344
745	0.076935
746	0.076935
747	0.076935
748	0.076935
749	0.076935
750	0.076935
751	0.076935
752	0.076935
753	0.0747796
754	0.0740469
755	0.0724763
756	0.0678966
757	0.0724763
758	0.076935
759	0.0724763
760	0.0724904
761	0.0706616
762	0.0724763
763	0.0724904
764	0.076935
765	0.0726418
766	0.076935
767	0.076935
768	0.076935
769	0.076935
770	0.0767972
771	0.0724904
772	0.0724763
773	0.076935
774	0.076935
775	0.076935
776	0.072505
777	0.076935
778	0.076935
779	0.076935
780	0.076935
781	0.076935
782	0.0678116
783	0.076935
784	0.076935
785	0.076935
786	0.076935
787	0.076935
788	0.076935
789	0.076935
790	0.076935
791	0.076935
792	0.076935
793	0.076935
794	0.076935
795	0.076935
796	0.0743639
797	0.076935
798	0.076935
799	0.0761207
800	0.076935
801	0.075806
802	0.0725202
803	0.076935
804	0.076935
805	0.0725202
806	0.0723373
807	0.0743483
808	0.076935
809	0.0728104
810	0.076935
811	0.0724763
812	0.076935
813	0.0725359
814	0.0724904
815	0.0729811
816	0.076935
817	0.0740269
818	0.072505
819	0.0761337
820	0.0761763
821	0.072505
822	0.0713304
823	0.0722201
824	0.0747796
825	0.0724904
826	0.072505
827	0.076935
828	0.0724904
829	0.0724763
830	0.0752304
831	0.0741627
832	0.0726418
833	0.076935
====0.0667892
%% color optimization 
1	0.192548
2	0.190817
3	0.174838
4	0.166221
5	0.163019
6	0.16218
7	0.161455
8	0.16107
9	0.160746
10	0.160036
11	0.158643
12	0.15828
13	0.15832
14	0.156823
15	0.155086
16	0.155937
17	0.155487
18	0.153774
19	0.147932
20	0.148725
21	0.144421
22	0.13966
23	0.139984
24	0.12826
25	0.136141
26	0.141159
27	0.136534
28	0.133302
29	0.133323
30	0.129632
31	0.133222
32	0.125659
33	0.134072
34	0.129056
35	0.128121
36	0.128339
37	0.12785
38	0.129859
39	0.129632
40	0.131739
41	0.125301
42	0.1224
43	0.128063
44	0.128683
45	0.127919
46	0.126855
47	0.127441
48	0.12818
49	0.12804
50	0.126368
51	0.130324
52	0.125607
53	0.12843
54	0.127645
55	0.124258
56	0.127014
57	0.126893
58	0.127588
59	0.123055
60	0.127463
61	0.122063
62	0.12978
63	0.125315
64	0.125975
65	0.124253
66	0.125075
67	0.117327
68	0.124423
69	0.12614
70	0.123682
71	0.124175
72	0.127105
73	0.125475
74	0.123155
75	0.121304
76	0.121611
77	0.125226
78	0.126484
79	0.124762
80	0.124751
81	0.126017
82	0.122354
83	0.113401
84	0.120823
85	0.124933
86	0.125189
87	0.127591
88	0.122983
89	0.124905
90	0.114538
91	0.123282
92	0.122151
93	0.121564
94	0.120595
95	0.114103
96	0.123019
97	0.119428
98	0.125095
99	0.121617
100	0.12701
101	0.122826
102	0.124928
103	0.125422
104	0.125893
105	0.124144
106	0.127327
107	0.124879
108	0.120901
109	0.123396
110	0.123972
111	0.125902
112	0.12463
113	0.12521
114	0.12524
115	0.124248
116	0.122816
117	0.123014
118	0.123056
119	0.126045
120	0.124962
121	0.124141
122	0.121956
123	0.123229
124	0.122345
125	0.126751
126	0.126064
127	0.12524
128	0.120055
129	0.123506
130	0.124119
131	0.123604
132	0.123757
133	0.12213
134	0.119945
135	0.122956
136	0.121977
137	0.121761
138	0.12131
139	0.122741
140	0.126209
141	0.122769
142	0.1231
143	0.124326
144	0.12214
145	0.121025
146	0.12125
147	0.119959
148	0.122899
149	0.122534
150	0.123785
151	0.121243
152	0.119484
153	0.121705
154	0.117114
155	0.120711
156	0.117589
157	0.118461
158	0.119801
159	0.119487
160	0.118501
161	0.118786
162	0.121658
163	0.119756
164	0.120585
165	0.12046
166	0.118738
167	0.118897
168	0.119059
169	0.119466
170	0.120866
171	0.119159
172	0.12106
173	0.121815
174	0.122099
175	0.118281
176	0.120955
177	0.120694
178	0.122235
179	0.118816
180	0.120709
181	0.120823
182	0.116313
183	0.119509
184	0.118821
185	0.119423
186	0.119064
187	0.117575
188	0.117327
189	0.118658
190	0.117875
191	0.11884
192	0.116013
193	0.116896
194	0.111907
195	0.114277
196	0.113164
197	0.111325
198	0.116575
199	0.108772
200	0.109981
201	0.106286
202	0.107398
203	0.100513
204	0.113405
205	0.114252
206	0.115382
207	0.114995
208	0.108723
209	0.106709
210	0.10248
211	0.107812
212	0.109324
213	0.107696
214	0.104119
215	0.107228
216	0.102607
217	0.106897
218	0.104423
219	0.108367
220	0.103537
221	0.104484
222	0.103405
223	0.10351
224	0.103727
225	0.10365
226	0.10823
227	0.10644
228	0.106359
229	0.10274
230	0.104002
231	0.10636
232	0.102311
233	0.105254
234	0.103545
235	0.104352
236	0.102985
237	0.101347
238	0.104149
239	0.103751
240	0.103803
241	0.102073
242	0.100918
243	0.105219
244	0.103927
245	0.101047
246	0.102781
247	0.103457
248	0.105111
249	0.102053
250	0.104123
251	0.0981363
252	0.103228
253	0.100725
254	0.097871
255	0.103033
256	0.104708
257	0.100621
258	0.101084
259	0.0992634
260	0.102221
261	0.10041
262	0.0994429
263	0.105286
264	0.102385
265	0.102506
266	0.0991362
267	0.102971
268	0.103849
269	0.0968879
270	0.0990015
271	0.103282
272	0.102406
273	0.0998054
274	0.0991917
275	0.101341
276	0.100263
277	0.102098
278	0.101599
279	0.0985234
280	0.102724
281	0.0970822
282	0.0983969
283	0.0983806
284	0.101077
285	0.10024
286	0.098163
287	0.0983495
288	0.097882
289	0.0987478
290	0.0978479
291	0.0973472
292	0.0977391
293	0.0957541
294	0.0995408
295	0.0959956
296	0.0967791
297	0.100602
298	0.100262
299	0.0956012
300	0.0984515
301	0.0996459
302	0.0984787
303	0.101453
304	0.0992903
305	0.0979366
306	0.0950621
307	0.0982896
308	0.096581
309	0.0969675
310	0.0977697
311	0.0988067
312	0.0978065
313	0.0967309
314	0.096906
315	0.097495
316	0.0953538
317	0.0966298
318	0.0964402
319	0.0982734
320	0.0953493
321	0.0948139
322	0.0986366
323	0.095792
324	0.0957305
325	0.0948987
326	0.0948076
327	0.0961944
328	0.0959404
329	0.0948552
330	0.095351
331	0.0957885
332	0.0963151
333	0.0954873
334	0.0963038
335	0.09842
336	0.0956528
337	0.096775
338	0.0978662
339	0.0953701
340	0.0957157
341	0.095373
342	0.0955662
343	0.0945486
344	0.0958051
345	0.0973213
346	0.0953002
347	0.0951629
348	0.0971702
349	0.0960759
350	0.0959605
351	0.0962922
352	0.0958316
353	0.0938544
354	0.0951007
355	0.0956498
356	0.0947067
357	0.0947385
358	0.0958978
359	0.0954462
360	0.0978864
361	0.096291
362	0.0965579
363	0.0945453
364	0.0947126
365	0.0946912
366	0.0947345
367	0.0939578
368	0.0951959
369	0.0951888
370	0.0936816
371	0.0942934
372	0.095818
373	0.0939441
374	0.0932485
375	0.0947938
376	0.0953806
377	0.0949571
378	0.0933909
379	0.0938246
380	0.0928343
381	0.0940071
382	0.0941139
383	0.0923745
384	0.0934127
385	0.0930894
386	0.0934228
387	0.0928918
388	0.0926973
389	0.0933586
390	0.0932231
391	0.0940503
392	0.094865
393	0.0943393
394	0.0928468
395	0.0930343
396	0.0926557
397	0.0931599
398	0.0941787
399	0.0935364
400	0.0941168
401	0.0918197
402	0.093924
403	0.0922623
404	0.0929329
405	0.0936469
406	0.0928416
407	0.0935043
408	0.0931437
409	0.0928216
410	0.0925014
411	0.093071
412	0.0931258
413	0.0939737
414	0.0930798
415	0.0941427
416	0.0925633
417	0.0943424
418	0.0934742
419	0.0926031
420	0.0927273
421	0.0927009
422	0.0916688
423	0.0928087
424	0.0925319
425	0.0928123
426	0.0926907
427	0.0929637
428	0.0923718
429	0.0932889
430	0.0925333
431	0.0930215
432	0.0931371
433	0.0922375
434	0.0927322
435	0.0925416
436	0.0918826
437	0.0921298
438	0.0922496
439	0.092244
440	0.0931986
441	0.0916341
442	0.092695
443	0.0925016
444	0.0937285
445	0.0934953
446	0.0938501
447	0.092936
448	0.0932288
449	0.0933067
450	0.092608
451	0.0919332
452	0.092188
453	0.0925412
454	0.0938773
455	0.0919154
456	0.0917887
457	0.0926326
458	0.0931641
459	0.0920503
460	0.0922426
461	0.0919863
462	0.0925926
463	0.0920734
464	0.0924428
465	0.0919511
466	0.0917471
467	0.0923485
468	0.0916655
469	0.0920242
470	0.091631
471	0.0931181
472	0.0922456
473	0.0923764
474	0.0923447
475	0.0919873
476	0.0917013
477	0.0915679
478	0.0921435
479	0.0922117
480	0.0915204
481	0.0920119
482	0.0912532
483	0.0925947
484	0.09178
485	0.0914284
486	0.0909159
487	0.0918048
488	0.0913978
489	0.0919774
490	0.0915664
491	0.0920744
492	0.0919072
493	0.0907853
494	0.0919777
495	0.091726
496	0.0913286
497	0.0919466
498	0.0918952
499	0.0912616
500	0.0916706
501	0.0910002
502	0.0917154
503	0.0916433
504	0.0914284
505	0.0916241
506	0.0915832
507	0.091757
508	0.0926303
509	0.0911918
510	0.0912434
511	0.0913183
512	0.0918631
513	0.0912604
514	0.0916233
515	0.091456
516	0.0914361
517	0.090577
518	0.09061
519	0.0910305
520	0.0920373
521	0.0909996
522	0.0915769
523	0.0910317
524	0.0910699
525	0.0912035
526	0.0911341
527	0.0916851
528	0.0919486
529	0.0918908
530	0.0912831
531	0.091351
532	0.0914301
533	0.0912269
534	0.0913831
535	0.0922648
536	0.0914905
537	0.0908729
538	0.0912924
539	0.0911278
540	0.0908018
541	0.091148
542	0.0907937
543	0.0917311
544	0.0907736
545	0.0917488
546	0.0916213
547	0.0913755
548	0.0920143
549	0.0911915
550	0.0914565
551	0.091139
552	0.0917879
553	0.0908072
554	0.0912932
555	0.0907929
556	0.0905778
557	0.091021
558	0.0904959
559	0.0902644
560	0.0903285
561	0.0909551
562	0.0900033
563	0.0908074
564	0.0904933
565	0.0901327
566	0.0912956
567	0.0912116
568	0.0913492
569	0.090609
570	0.090759
571	0.091148
572	0.0901777
573	0.0902525
574	0.0910218
575	0.0907512
576	0.0909404
577	0.091177
578	0.0911806
579	0.0905332
580	0.0915624
581	0.0908472
582	0.0909353
583	0.0904618
584	0.0905593
585	0.0908839
586	0.0907487
587	0.09071
588	0.0909063
589	0.0902876
590	0.0916735
591	0.0912163
592	0.0908746
593	0.09061
594	0.0909776
595	0.0902666
596	0.0908555
597	0.0906631
598	0.0907668
599	0.0908821
600	0.0908767
601	0.091124
602	0.0909405
603	0.0908793
604	0.0907497
605	0.0909945
606	0.0911695
607	0.0912708
608	0.0909826
609	0.0908743
610	0.0909632
611	0.0907315
612	0.0917097
613	0.0901476
614	0.0908557
615	0.090979
616	0.0902713
617	0.0911244
618	0.0910912
619	0.0909168
620	0.0909526
621	0.0900649
622	0.0906148
623	0.0908817
624	0.0908498
625	0.0909394
626	0.0905789
627	0.0911971
628	0.090774
629	0.0911232
630	0.0904307
631	0.0903586
632	0.0908483
633	0.0903307
634	0.0911828
635	0.0903565
636	0.0902302
637	0.0902466
638	0.0905387
639	0.0907608
640	0.0904988
641	0.0904732
642	0.0905739
643	0.0902984
644	0.0910098
645	0.0901507
646	0.0904696
647	0.090221
648	0.0903058
649	0.0902939
650	0.0904767
651	0.0907805
652	0.090844
653	0.0905256
654	0.0905906
655	0.0903485
656	0.0905706
